1.000000 7.103e-06 
4.602603 1.992e-07 
8.205205 5.916e-08 
11.807808 2.95e-08 
15.410410 1.838e-08 
19.013013 1.291e-08 
22.615616 9.751e-09 
26.218218 7.729e-09 
29.820821 6.336e-09 
33.423423 5.325e-09 
37.026026 4.561e-09 
40.628629 3.965e-09 
44.231231 3.487e-09 
47.833834 3.098e-09 
51.436436 2.774e-09 
55.039039 2.501e-09 
58.641642 2.268e-09 
62.244244 2.067e-09 
65.846847 1.892e-09 
69.449449 1.739e-09 
73.052052 1.604e-09 
76.654655 1.484e-09 
80.257257 1.376e-09 
83.859860 1.28e-09 
87.462462 1.193e-09 
91.065065 1.114e-09 
94.667668 1.042e-09 
98.270270 9.77e-10 
101.872873 9.172e-10 
105.475475 8.623e-10 
109.078078 8.119e-10 
112.680681 7.653e-10 
116.283283 7.223e-10 
119.885886 6.824e-10 
123.488488 6.454e-10 
127.091091 6.111e-10 
130.693694 5.79e-10 
134.296296 5.492e-10 
137.898899 5.212e-10 
141.501502 4.951e-10 
145.104104 4.707e-10 
148.706707 4.477e-10 
152.309309 4.262e-10 
155.911912 4.059e-10 
159.514515 3.869e-10 
163.117117 3.689e-10 
166.719720 3.52e-10 
170.322322 3.36e-10 
173.924925 3.209e-10 
177.527528 3.067e-10 
181.130130 2.932e-10 
184.732733 2.804e-10 
188.335335 2.683e-10 
191.937938 2.568e-10 
195.540541 2.459e-10 
199.143143 2.355e-10 
202.745746 2.257e-10 
206.348348 2.164e-10 
209.950951 2.075e-10 
213.553554 1.99e-10 
217.156156 1.91e-10 
220.758759 1.833e-10 
224.361361 1.76e-10 
227.963964 1.69e-10 
231.566567 1.623e-10 
235.169169 1.56e-10 
238.771772 1.499e-10 
242.374374 1.441e-10 
245.976977 1.386e-10 
249.579580 1.333e-10 
253.182182 1.283e-10 
256.784785 1.234e-10 
260.387387 1.188e-10 
263.989990 1.144e-10 
267.592593 1.101e-10 
271.195195 1.061e-10 
274.797798 1.022e-10 
278.400400 9.847e-11 
282.003003 9.489e-11 
285.605606 9.146e-11 
289.208208 8.817e-11 
292.810811 8.502e-11 
296.413413 8.199e-11 
300.016016 7.908e-11 
303.618619 7.629e-11 
307.221221 7.361e-11 
310.823824 7.104e-11 
314.426426 6.857e-11 
318.029029 6.619e-11 
321.631632 6.39e-11 
325.234234 6.171e-11 
328.836837 5.959e-11 
332.439439 5.756e-11 
336.042042 5.561e-11 
339.644645 5.372e-11 
343.247247 5.191e-11 
346.849850 5.017e-11 
350.452452 4.849e-11 
354.055055 4.688e-11 
357.657658 4.532e-11 
361.260260 4.382e-11 
364.862863 4.238e-11 
368.465465 4.099e-11 
372.068068 3.965e-11 
375.670671 3.836e-11 
379.273273 3.711e-11 
382.875876 3.591e-11 
386.478478 3.475e-11 
390.081081 3.363e-11 
393.683684 3.256e-11 
397.286286 3.152e-11 
400.888889 3.052e-11 
404.491491 2.955e-11 
408.094094 2.861e-11 
411.696697 2.771e-11 
415.299299 2.684e-11 
418.901902 2.6e-11 
422.504505 2.519e-11 
426.107107 2.441e-11 
429.709710 2.365e-11 
433.312312 2.292e-11 
436.914915 2.222e-11 
440.517518 2.154e-11 
444.120120 2.088e-11 
447.722723 2.024e-11 
451.325325 1.963e-11 
454.927928 1.903e-11 
458.530531 1.846e-11 
462.133133 1.79e-11 
465.735736 1.736e-11 
469.338338 1.684e-11 
472.940941 1.634e-11 
476.543544 1.586e-11 
480.146146 1.539e-11 
483.748749 1.493e-11 
487.351351 1.449e-11 
490.953954 1.407e-11 
494.556557 1.365e-11 
498.159159 1.326e-11 
501.761762 1.287e-11 
505.364364 1.25e-11 
508.966967 1.214e-11 
512.569570 1.179e-11 
516.172172 1.145e-11 
519.774775 1.112e-11 
523.377377 1.08e-11 
526.979980 1.05e-11 
530.582583 1.02e-11 
534.185185 9.911e-12 
537.787788 9.632e-12 
541.390390 9.361e-12 
544.992993 9.1e-12 
548.595596 8.846e-12 
552.198198 8.6e-12 
555.800801 8.362e-12 
559.403403 8.131e-12 
563.006006 7.907e-12 
566.608609 7.69e-12 
570.211211 7.48e-12 
573.813814 7.276e-12 
577.416416 7.079e-12 
581.019019 6.888e-12 
584.621622 6.702e-12 
588.224224 6.522e-12 
591.826827 6.347e-12 
595.429429 6.178e-12 
599.032032 6.014e-12 
602.634635 5.855e-12 
606.237237 5.7e-12 
609.839840 5.55e-12 
613.442442 5.405e-12 
617.045045 5.264e-12 
620.647648 5.127e-12 
624.250250 4.994e-12 
627.852853 4.865e-12 
631.455455 4.74e-12 
635.058058 4.619e-12 
638.660661 4.501e-12 
642.263263 4.387e-12 
645.865866 4.276e-12 
649.468468 4.168e-12 
653.071071 4.063e-12 
656.673674 3.962e-12 
660.276276 3.863e-12 
663.878879 3.767e-12 
667.481481 3.674e-12 
671.084084 3.584e-12 
674.686687 3.496e-12 
678.289289 3.411e-12 
681.891892 3.328e-12 
685.494494 3.247e-12 
689.097097 3.169e-12 
692.699700 3.093e-12 
696.302302 3.019e-12 
699.904905 2.947e-12 
703.507508 2.878e-12 
707.110110 2.81e-12 
710.712713 2.744e-12 
714.315315 2.68e-12 
717.917918 2.618e-12 
721.520521 2.557e-12 
725.123123 2.498e-12 
728.725726 2.441e-12 
732.328328 2.386e-12 
735.930931 2.331e-12 
739.533534 2.279e-12 
743.136136 2.228e-12 
746.738739 2.178e-12 
750.341341 2.129e-12 
753.943944 2.082e-12 
757.546547 2.036e-12 
761.149149 1.992e-12 
764.751752 1.948e-12 
768.354354 1.906e-12 
771.956957 1.865e-12 
775.559560 1.825e-12 
779.162162 1.786e-12 
782.764765 1.748e-12 
786.367367 1.711e-12 
789.969970 1.675e-12 
793.572573 1.64e-12 
797.175175 1.606e-12 
800.777778 1.573e-12 
804.380380 1.541e-12 
807.982983 1.51e-12 
811.585586 1.479e-12 
815.188188 1.449e-12 
818.790791 1.42e-12 
822.393393 1.392e-12 
825.995996 1.364e-12 
829.598599 1.337e-12 
833.201201 1.311e-12 
836.803804 1.285e-12 
840.406406 1.261e-12 
844.009009 1.236e-12 
847.611612 1.213e-12 
851.214214 1.19e-12 
854.816817 1.167e-12 
858.419419 1.145e-12 
862.022022 1.124e-12 
865.624625 1.103e-12 
869.227227 1.083e-12 
872.829830 1.063e-12 
876.432432 1.043e-12 
880.035035 1.025e-12 
883.637638 1.006e-12 
887.240240 9.882e-13 
890.842843 9.707e-13 
894.445445 9.536e-13 
898.048048 9.369e-13 
901.650651 9.206e-13 
905.253253 9.047e-13 
908.855856 8.892e-13 
912.458458 8.741e-13 
916.061061 8.593e-13 
919.663664 8.448e-13 
923.266266 8.307e-13 
926.868869 8.169e-13 
930.471471 8.035e-13 
934.074074 7.903e-13 
937.676677 7.775e-13 
941.279279 7.649e-13 
944.881882 7.527e-13 
948.484484 7.407e-13 
952.087087 7.29e-13 
955.689690 7.175e-13 
959.292292 7.063e-13 
962.894895 6.954e-13 
966.497497 6.847e-13 
970.100100 6.743e-13 
973.702703 6.64e-13 
977.305305 6.54e-13 
980.907908 6.443e-13 
984.510511 6.347e-13 
988.113113 6.253e-13 
991.715716 6.162e-13 
995.318318 6.072e-13 
998.920921 5.985e-13 
1002.523524 5.899e-13 
1006.126126 5.815e-13 
1009.728729 5.733e-13 
1013.331331 5.652e-13 
1016.933934 5.573e-13 
1020.536537 5.496e-13 
1024.139139 5.421e-13 
1027.741742 5.347e-13 
1031.344344 5.274e-13 
1034.946947 5.204e-13 
1038.549550 5.134e-13 
1042.152152 5.066e-13 
1045.754755 4.999e-13 
1049.357357 4.934e-13 
1052.959960 4.87e-13 
1056.562563 4.807e-13 
1060.165165 4.745e-13 
1063.767768 4.685e-13 
1067.370370 4.626e-13 
1070.972973 4.568e-13 
1074.575576 4.511e-13 
1078.178178 4.455e-13 
1081.780781 4.401e-13 
1085.383383 4.347e-13 
1088.985986 4.294e-13 
1092.588589 4.243e-13 
1096.191191 4.192e-13 
1099.793794 4.142e-13 
1103.396396 4.093e-13 
1106.998999 4.045e-13 
1110.601602 3.998e-13 
1114.204204 3.952e-13 
1117.806807 3.907e-13 
1121.409409 3.862e-13 
1125.012012 3.819e-13 
1128.614615 3.776e-13 
1132.217217 3.734e-13 
1135.819820 3.692e-13 
1139.422422 3.651e-13 
1143.025025 3.611e-13 
1146.627628 3.572e-13 
1150.230230 3.533e-13 
1153.832833 3.495e-13 
1157.435435 3.458e-13 
1161.038038 3.421e-13 
1164.640641 3.385e-13 
1168.243243 3.35e-13 
1171.845846 3.315e-13 
1175.448448 3.281e-13 
1179.051051 3.247e-13 
1182.653654 3.214e-13 
1186.256256 3.181e-13 
1189.858859 3.149e-13 
1193.461461 3.118e-13 
1197.064064 3.086e-13 
1200.666667 3.056e-13 
1204.269269 3.026e-13 
1207.871872 2.996e-13 
1211.474474 2.967e-13 
1215.077077 2.938e-13 
1218.679680 2.91e-13 
1222.282282 2.882e-13 
1225.884885 2.855e-13 
1229.487487 2.828e-13 
1233.090090 2.801e-13 
1236.692693 2.775e-13 
1240.295295 2.749e-13 
1243.897898 2.724e-13 
1247.500501 2.698e-13 
1251.103103 2.674e-13 
1254.705706 2.649e-13 
1258.308308 2.625e-13 
1261.910911 2.602e-13 
1265.513514 2.579e-13 
1269.116116 2.556e-13 
1272.718719 2.533e-13 
1276.321321 2.511e-13 
1279.923924 2.489e-13 
1283.526527 2.467e-13 
1287.129129 2.445e-13 
1290.731732 2.424e-13 
1294.334334 2.403e-13 
1297.936937 2.383e-13 
1301.539540 2.363e-13 
1305.142142 2.343e-13 
1308.744745 2.323e-13 
1312.347347 2.303e-13 
1315.949950 2.284e-13 
1319.552553 2.265e-13 
1323.155155 2.246e-13 
1326.757758 2.228e-13 
1330.360360 2.21e-13 
1333.962963 2.192e-13 
1337.565566 2.174e-13 
1341.168168 2.156e-13 
1344.770771 2.139e-13 
1348.373373 2.122e-13 
1351.975976 2.105e-13 
1355.578579 2.088e-13 
1359.181181 2.071e-13 
1362.783784 2.055e-13 
1366.386386 2.039e-13 
1369.988989 2.023e-13 
1373.591592 2.007e-13 
1377.194194 1.992e-13 
1380.796797 1.976e-13 
1384.399399 1.961e-13 
1388.002002 1.946e-13 
1391.604605 1.931e-13 
1395.207207 1.917e-13 
1398.809810 1.902e-13 
1402.412412 1.888e-13 
1406.015015 1.874e-13 
1409.617618 1.86e-13 
1413.220220 1.846e-13 
1416.822823 1.832e-13 
1420.425425 1.819e-13 
1424.028028 1.805e-13 
1427.630631 1.792e-13 
1431.233233 1.779e-13 
1434.835836 1.766e-13 
1438.438438 1.753e-13 
1442.041041 1.74e-13 
1445.643644 1.728e-13 
1449.246246 1.715e-13 
1452.848849 1.703e-13 
1456.451451 1.691e-13 
1460.054054 1.679e-13 
1463.656657 1.667e-13 
1467.259259 1.655e-13 
1470.861862 1.644e-13 
1474.464464 1.632e-13 
1478.067067 1.621e-13 
1481.669670 1.609e-13 
1485.272272 1.598e-13 
1488.874875 1.587e-13 
1492.477477 1.576e-13 
1496.080080 1.565e-13 
1499.682683 1.555e-13 
1503.285285 1.544e-13 
1506.887888 1.533e-13 
1510.490490 1.523e-13 
1514.093093 1.513e-13 
1517.695696 1.502e-13 
1521.298298 1.492e-13 
1524.900901 1.482e-13 
1528.503504 1.472e-13 
1532.106106 1.462e-13 
1535.708709 1.453e-13 
1539.311311 1.443e-13 
1542.913914 1.433e-13 
1546.516517 1.424e-13 
1550.119119 1.415e-13 
1553.721722 1.405e-13 
1557.324324 1.396e-13 
1560.926927 1.387e-13 
1564.529530 1.378e-13 
1568.132132 1.369e-13 
1571.734735 1.36e-13 
1575.337337 1.351e-13 
1578.939940 1.343e-13 
1582.542543 1.334e-13 
1586.145145 1.325e-13 
1589.747748 1.317e-13 
1593.350350 1.309e-13 
1596.952953 1.3e-13 
1600.555556 1.292e-13 
1604.158158 1.284e-13 
1607.760761 1.276e-13 
1611.363363 1.268e-13 
1614.965966 1.26e-13 
1618.568569 1.252e-13 
1622.171171 1.244e-13 
1625.773774 1.236e-13 
1629.376376 1.228e-13 
1632.978979 1.221e-13 
1636.581582 1.213e-13 
1640.184184 1.206e-13 
1643.786787 1.198e-13 
1647.389389 1.191e-13 
1650.991992 1.184e-13 
1654.594595 1.176e-13 
1658.197197 1.169e-13 
1661.799800 1.162e-13 
1665.402402 1.155e-13 
1669.005005 1.148e-13 
1672.607608 1.141e-13 
1676.210210 1.134e-13 
1679.812813 1.127e-13 
1683.415415 1.12e-13 
1687.018018 1.114e-13 
1690.620621 1.107e-13 
1694.223223 1.1e-13 
1697.825826 1.094e-13 
1701.428428 1.087e-13 
1705.031031 1.081e-13 
1708.633634 1.074e-13 
1712.236236 1.068e-13 
1715.838839 1.062e-13 
1719.441441 1.056e-13 
1723.044044 1.049e-13 
1726.646647 1.043e-13 
1730.249249 1.037e-13 
1733.851852 1.031e-13 
1737.454454 1.025e-13 
1741.057057 1.019e-13 
1744.659660 1.013e-13 
1748.262262 1.007e-13 
1751.864865 1.001e-13 
1755.467467 9.956e-14 
1759.070070 9.899e-14 
1762.672673 9.842e-14 
1766.275275 9.786e-14 
1769.877878 9.73e-14 
1773.480480 9.674e-14 
1777.083083 9.619e-14 
1780.685686 9.564e-14 
1784.288288 9.51e-14 
1787.890891 9.456e-14 
1791.493493 9.402e-14 
1795.096096 9.349e-14 
1798.698699 9.296e-14 
1802.301301 9.244e-14 
1805.903904 9.192e-14 
1809.506507 9.14e-14 
1813.109109 9.089e-14 
1816.711712 9.038e-14 
1820.314314 8.988e-14 
1823.916917 8.938e-14 
1827.519520 8.888e-14 
1831.122122 8.839e-14 
1834.724725 8.79e-14 
1838.327327 8.742e-14 
1841.929930 8.693e-14 
1845.532533 8.645e-14 
1849.135135 8.598e-14 
1852.737738 8.551e-14 
1856.340340 8.504e-14 
1859.942943 8.457e-14 
1863.545546 8.411e-14 
1867.148148 8.366e-14 
1870.750751 8.32e-14 
1874.353353 8.275e-14 
1877.955956 8.23e-14 
1881.558559 8.186e-14 
1885.161161 8.141e-14 
1888.763764 8.097e-14 
1892.366366 8.054e-14 
1895.968969 8.011e-14 
1899.571572 7.968e-14 
1903.174174 7.925e-14 
1906.776777 7.883e-14 
1910.379379 7.841e-14 
1913.981982 7.799e-14 
1917.584585 7.758e-14 
1921.187187 7.716e-14 
1924.789790 7.676e-14 
1928.392392 7.635e-14 
1931.994995 7.595e-14 
1935.597598 7.555e-14 
1939.200200 7.515e-14 
1942.802803 7.475e-14 
1946.405405 7.436e-14 
1950.008008 7.397e-14 
1953.610611 7.359e-14 
1957.213213 7.32e-14 
1960.815816 7.282e-14 
1964.418418 7.244e-14 
1968.021021 7.207e-14 
1971.623624 7.169e-14 
1975.226226 7.132e-14 
1978.828829 7.096e-14 
1982.431431 7.059e-14 
1986.034034 7.023e-14 
1989.636637 6.987e-14 
1993.239239 6.951e-14 
1996.841842 6.915e-14 
2000.444444 6.88e-14 
2004.047047 6.845e-14 
2007.649650 6.81e-14 
2011.252252 6.775e-14 
2014.854855 6.741e-14 
2018.457457 6.707e-14 
2022.060060 6.673e-14 
2025.662663 6.639e-14 
2029.265265 6.606e-14 
2032.867868 6.572e-14 
2036.470470 6.539e-14 
2040.073073 6.506e-14 
2043.675676 6.474e-14 
2047.278278 6.441e-14 
2050.880881 6.409e-14 
2054.483483 6.377e-14 
2058.086086 6.346e-14 
2061.688689 6.314e-14 
2065.291291 6.283e-14 
2068.893894 6.252e-14 
2072.496496 6.221e-14 
2076.099099 6.19e-14 
2079.701702 6.16e-14 
2083.304304 6.129e-14 
2086.906907 6.099e-14 
2090.509510 6.069e-14 
2094.112112 6.039e-14 
2097.714715 6.01e-14 
2101.317317 5.981e-14 
2104.919920 5.951e-14 
2108.522523 5.922e-14 
2112.125125 5.894e-14 
2115.727728 5.865e-14 
2119.330330 5.837e-14 
2122.932933 5.809e-14 
2126.535536 5.78e-14 
2130.138138 5.753e-14 
2133.740741 5.725e-14 
2137.343343 5.697e-14 
2140.945946 5.67e-14 
2144.548549 5.643e-14 
2148.151151 5.616e-14 
2151.753754 5.589e-14 
2155.356356 5.563e-14 
2158.958959 5.536e-14 
2162.561562 5.51e-14 
2166.164164 5.484e-14 
2169.766767 5.458e-14 
2173.369369 5.432e-14 
2176.971972 5.406e-14 
2180.574575 5.381e-14 
2184.177177 5.355e-14 
2187.779780 5.33e-14 
2191.382382 5.305e-14 
2194.984985 5.28e-14 
2198.587588 5.256e-14 
2202.190190 5.231e-14 
2205.792793 5.207e-14 
2209.395395 5.183e-14 
2212.997998 5.159e-14 
2216.600601 5.135e-14 
2220.203203 5.111e-14 
2223.805806 5.087e-14 
2227.408408 5.064e-14 
2231.011011 5.04e-14 
2234.613614 5.017e-14 
2238.216216 4.994e-14 
2241.818819 4.971e-14 
2245.421421 4.949e-14 
2249.024024 4.926e-14 
2252.626627 4.903e-14 
2256.229229 4.881e-14 
2259.831832 4.859e-14 
2263.434434 4.837e-14 
2267.037037 4.815e-14 
2270.639640 4.793e-14 
2274.242242 4.771e-14 
2277.844845 4.75e-14 
2281.447447 4.728e-14 
2285.050050 4.707e-14 
2288.652653 4.686e-14 
2292.255255 4.665e-14 
2295.857858 4.644e-14 
2299.460460 4.623e-14 
2303.063063 4.603e-14 
2306.665666 4.582e-14 
2310.268268 4.562e-14 
2313.870871 4.541e-14 
2317.473473 4.521e-14 
2321.076076 4.501e-14 
2324.678679 4.481e-14 
2328.281281 4.462e-14 
2331.883884 4.442e-14 
2335.486486 4.422e-14 
2339.089089 4.403e-14 
2342.691692 4.384e-14 
2346.294294 4.364e-14 
2349.896897 4.345e-14 
2353.499499 4.326e-14 
2357.102102 4.307e-14 
2360.704705 4.289e-14 
2364.307307 4.27e-14 
2367.909910 4.251e-14 
2371.512513 4.233e-14 
2375.115115 4.215e-14 
2378.717718 4.197e-14 
2382.320320 4.178e-14 
2385.922923 4.16e-14 
2389.525526 4.143e-14 
2393.128128 4.125e-14 
2396.730731 4.107e-14 
2400.333333 4.089e-14 
2403.935936 4.072e-14 
2407.538539 4.055e-14 
2411.141141 4.037e-14 
2414.743744 4.02e-14 
2418.346346 4.003e-14 
2421.948949 3.986e-14 
2425.551552 3.969e-14 
2429.154154 3.952e-14 
2432.756757 3.936e-14 
2436.359359 3.919e-14 
2439.961962 3.903e-14 
2443.564565 3.886e-14 
2447.167167 3.87e-14 
2450.769770 3.854e-14 
2454.372372 3.838e-14 
2457.974975 3.822e-14 
2461.577578 3.806e-14 
2465.180180 3.79e-14 
2468.782783 3.774e-14 
2472.385385 3.758e-14 
2475.987988 3.743e-14 
2479.590591 3.727e-14 
2483.193193 3.712e-14 
2486.795796 3.697e-14 
2490.398398 3.681e-14 
2494.001001 3.666e-14 
2497.603604 3.651e-14 
2501.206206 3.636e-14 
2504.808809 3.621e-14 
2508.411411 3.607e-14 
2512.014014 3.592e-14 
2515.616617 3.577e-14 
2519.219219 3.563e-14 
2522.821822 3.548e-14 
2526.424424 3.534e-14 
2530.027027 3.52e-14 
2533.629630 3.505e-14 
2537.232232 3.491e-14 
2540.834835 3.477e-14 
2544.437437 3.463e-14 
2548.040040 3.449e-14 
2551.642643 3.435e-14 
2555.245245 3.422e-14 
2558.847848 3.408e-14 
2562.450450 3.394e-14 
2566.053053 3.381e-14 
2569.655656 3.367e-14 
2573.258258 3.354e-14 
2576.860861 3.341e-14 
2580.463463 3.327e-14 
2584.066066 3.314e-14 
2587.668669 3.301e-14 
2591.271271 3.288e-14 
2594.873874 3.275e-14 
2598.476476 3.262e-14 
2602.079079 3.25e-14 
2605.681682 3.237e-14 
2609.284284 3.224e-14 
2612.886887 3.212e-14 
2616.489489 3.199e-14 
2620.092092 3.187e-14 
2623.694695 3.174e-14 
2627.297297 3.162e-14 
2630.899900 3.15e-14 
2634.502503 3.137e-14 
2638.105105 3.125e-14 
2641.707708 3.113e-14 
2645.310310 3.101e-14 
2648.912913 3.089e-14 
2652.515516 3.077e-14 
2656.118118 3.066e-14 
2659.720721 3.054e-14 
2663.323323 3.042e-14 
2666.925926 3.031e-14 
2670.528529 3.019e-14 
2674.131131 3.008e-14 
2677.733734 2.996e-14 
2681.336336 2.985e-14 
2684.938939 2.973e-14 
2688.541542 2.962e-14 
2692.144144 2.951e-14 
2695.746747 2.94e-14 
2699.349349 2.929e-14 
2702.951952 2.918e-14 
2706.554555 2.907e-14 
2710.157157 2.896e-14 
2713.759760 2.885e-14 
2717.362362 2.874e-14 
2720.964965 2.864e-14 
2724.567568 2.853e-14 
2728.170170 2.842e-14 
2731.772773 2.832e-14 
2735.375375 2.821e-14 
2738.977978 2.811e-14 
2742.580581 2.8e-14 
2746.183183 2.79e-14 
2749.785786 2.78e-14 
2753.388388 2.77e-14 
2756.990991 2.759e-14 
2760.593594 2.749e-14 
2764.196196 2.739e-14 
2767.798799 2.729e-14 
2771.401401 2.719e-14 
2775.004004 2.709e-14 
2778.606607 2.699e-14 
2782.209209 2.69e-14 
2785.811812 2.68e-14 
2789.414414 2.67e-14 
2793.017017 2.66e-14 
2796.619620 2.651e-14 
2800.222222 2.641e-14 
2803.824825 2.632e-14 
2807.427427 2.622e-14 
2811.030030 2.613e-14 
2814.632633 2.603e-14 
2818.235235 2.594e-14 
2821.837838 2.585e-14 
2825.440440 2.576e-14 
2829.043043 2.566e-14 
2832.645646 2.557e-14 
2836.248248 2.548e-14 
2839.850851 2.539e-14 
2843.453453 2.53e-14 
2847.056056 2.521e-14 
2850.658659 2.512e-14 
2854.261261 2.503e-14 
2857.863864 2.495e-14 
2861.466466 2.486e-14 
2865.069069 2.477e-14 
2868.671672 2.468e-14 
2872.274274 2.46e-14 
2875.876877 2.451e-14 
2879.479479 2.443e-14 
2883.082082 2.434e-14 
2886.684685 2.426e-14 
2890.287287 2.417e-14 
2893.889890 2.409e-14 
2897.492492 2.4e-14 
2901.095095 2.392e-14 
2904.697698 2.384e-14 
2908.300300 2.376e-14 
2911.902903 2.367e-14 
2915.505506 2.359e-14 
2919.108108 2.351e-14 
2922.710711 2.343e-14 
2926.313313 2.335e-14 
2929.915916 2.327e-14 
2933.518519 2.319e-14 
2937.121121 2.311e-14 
2940.723724 2.303e-14 
2944.326326 2.295e-14 
2947.928929 2.288e-14 
2951.531532 2.28e-14 
2955.134134 2.272e-14 
2958.736737 2.264e-14 
2962.339339 2.257e-14 
2965.941942 2.249e-14 
2969.544545 2.242e-14 
2973.147147 2.234e-14 
2976.749750 2.227e-14 
2980.352352 2.219e-14 
2983.954955 2.212e-14 
2987.557558 2.204e-14 
2991.160160 2.197e-14 
2994.762763 2.19e-14 
2998.365365 2.182e-14 
3001.967968 2.175e-14 
3005.570571 2.168e-14 
3009.173173 2.161e-14 
3012.775776 2.154e-14 
3016.378378 2.146e-14 
3019.980981 2.139e-14 
3023.583584 2.132e-14 
3027.186186 2.125e-14 
3030.788789 2.118e-14 
3034.391391 2.111e-14 
3037.993994 2.105e-14 
3041.596597 2.098e-14 
3045.199199 2.091e-14 
3048.801802 2.084e-14 
3052.404404 2.077e-14 
3056.007007 2.07e-14 
3059.609610 2.064e-14 
3063.212212 2.057e-14 
3066.814815 2.05e-14 
3070.417417 2.044e-14 
3074.020020 2.037e-14 
3077.622623 2.031e-14 
3081.225225 2.024e-14 
3084.827828 2.018e-14 
3088.430430 2.011e-14 
3092.033033 2.005e-14 
3095.635636 1.998e-14 
3099.238238 1.992e-14 
3102.840841 1.985e-14 
3106.443443 1.979e-14 
3110.046046 1.973e-14 
3113.648649 1.967e-14 
3117.251251 1.96e-14 
3120.853854 1.954e-14 
3124.456456 1.948e-14 
3128.059059 1.942e-14 
3131.661662 1.936e-14 
3135.264264 1.93e-14 
3138.866867 1.923e-14 
3142.469469 1.917e-14 
3146.072072 1.911e-14 
3149.674675 1.905e-14 
3153.277277 1.899e-14 
3156.879880 1.894e-14 
3160.482482 1.888e-14 
3164.085085 1.882e-14 
3167.687688 1.876e-14 
3171.290290 1.87e-14 
3174.892893 1.864e-14 
3178.495495 1.858e-14 
3182.098098 1.853e-14 
3185.700701 1.847e-14 
3189.303303 1.841e-14 
3192.905906 1.836e-14 
3196.508509 1.83e-14 
3200.111111 1.824e-14 
3203.713714 1.819e-14 
3207.316316 1.813e-14 
3210.918919 1.808e-14 
3214.521522 1.802e-14 
3218.124124 1.797e-14 
3221.726727 1.791e-14 
3225.329329 1.786e-14 
3228.931932 1.78e-14 
3232.534535 1.775e-14 
3236.137137 1.77e-14 
3239.739740 1.764e-14 
3243.342342 1.759e-14 
3246.944945 1.754e-14 
3250.547548 1.748e-14 
3254.150150 1.743e-14 
3257.752753 1.738e-14 
3261.355355 1.733e-14 
3264.957958 1.727e-14 
3268.560561 1.722e-14 
3272.163163 1.717e-14 
3275.765766 1.712e-14 
3279.368368 1.707e-14 
3282.970971 1.702e-14 
3286.573574 1.697e-14 
3290.176176 1.692e-14 
3293.778779 1.687e-14 
3297.381381 1.682e-14 
3300.983984 1.677e-14 
3304.586587 1.672e-14 
3308.189189 1.667e-14 
3311.791792 1.662e-14 
3315.394394 1.657e-14 
3318.996997 1.652e-14 
3322.599600 1.647e-14 
3326.202202 1.643e-14 
3329.804805 1.638e-14 
3333.407407 1.633e-14 
3337.010010 1.628e-14 
3340.612613 1.623e-14 
3344.215215 1.619e-14 
3347.817818 1.614e-14 
3351.420420 1.609e-14 
3355.023023 1.605e-14 
3358.625626 1.6e-14 
3362.228228 1.595e-14 
3365.830831 1.591e-14 
3369.433433 1.586e-14 
3373.036036 1.582e-14 
3376.638639 1.577e-14 
3380.241241 1.573e-14 
3383.843844 1.568e-14 
3387.446446 1.564e-14 
3391.049049 1.559e-14 
3394.651652 1.555e-14 
3398.254254 1.55e-14 
3401.856857 1.546e-14 
3405.459459 1.541e-14 
3409.062062 1.537e-14 
3412.664665 1.533e-14 
3416.267267 1.528e-14 
3419.869870 1.524e-14 
3423.472472 1.52e-14 
3427.075075 1.515e-14 
3430.677678 1.511e-14 
3434.280280 1.507e-14 
3437.882883 1.503e-14 
3441.485485 1.499e-14 
3445.088088 1.494e-14 
3448.690691 1.49e-14 
3452.293293 1.486e-14 
3455.895896 1.482e-14 
3459.498498 1.478e-14 
3463.101101 1.474e-14 
3466.703704 1.469e-14 
3470.306306 1.465e-14 
3473.908909 1.461e-14 
3477.511512 1.457e-14 
3481.114114 1.453e-14 
3484.716717 1.449e-14 
3488.319319 1.445e-14 
3491.921922 1.441e-14 
3495.524525 1.437e-14 
3499.127127 1.433e-14 
3502.729730 1.429e-14 
3506.332332 1.426e-14 
3509.934935 1.422e-14 
3513.537538 1.418e-14 
3517.140140 1.414e-14 
3520.742743 1.41e-14 
3524.345345 1.406e-14 
3527.947948 1.402e-14 
3531.550551 1.399e-14 
3535.153153 1.395e-14 
3538.755756 1.391e-14 
3542.358358 1.387e-14 
3545.960961 1.383e-14 
3549.563564 1.38e-14 
3553.166166 1.376e-14 
3556.768769 1.372e-14 
3560.371371 1.369e-14 
3563.973974 1.365e-14 
3567.576577 1.361e-14 
3571.179179 1.358e-14 
3574.781782 1.354e-14 
3578.384384 1.35e-14 
3581.986987 1.347e-14 
3585.589590 1.343e-14 
3589.192192 1.34e-14 
3592.794795 1.336e-14 
3596.397397 1.333e-14 
3600.000000 1.329e-14 
