10.500000 3.526e-08 
11.500000 2.967e-08 
12.500000 2.541e-08 
13.500000 2.208e-08 
14.500000 1.942e-08 
15.500000 1.726e-08 
16.500000 1.548e-08 
17.500000 1.399e-08 
18.500000 1.274e-08 
19.500000 1.166e-08 
20.500000 1.073e-08 
21.500000 9.924e-09 
22.500000 9.215e-09 
23.500000 8.59e-09 
24.500000 8.035e-09 
25.500000 7.538e-09 
26.500000 7.093e-09 
27.500000 6.691e-09 
28.500000 6.326e-09 
29.500000 5.995e-09 
30.500000 5.692e-09 
31.500000 5.414e-09 
32.500000 5.159e-09 
33.500000 4.923e-09 
34.500000 4.706e-09 
35.500000 4.504e-09 
36.500000 4.316e-09 
37.500000 4.141e-09 
38.500000 3.977e-09 
39.500000 3.825e-09 
40.500000 3.681e-09 
41.500000 3.547e-09 
42.500000 3.42e-09 
43.500000 3.301e-09 
44.500000 3.188e-09 
45.500000 3.081e-09 
46.500000 2.98e-09 
47.500000 2.885e-09 
48.500000 2.794e-09 
49.500000 2.708e-09 
50.500000 2.626e-09 
51.500000 2.548e-09 
52.500000 2.474e-09 
53.500000 2.402e-09 
54.500000 2.335e-09 
55.500000 2.27e-09 
56.500000 2.208e-09 
57.500000 2.148e-09 
58.500000 2.091e-09 
59.500000 2.037e-09 
60.500000 1.984e-09 
61.500000 1.934e-09 
62.500000 1.885e-09 
63.500000 1.839e-09 
64.500000 1.794e-09 
65.500000 1.751e-09 
66.500000 1.709e-09 
67.500000 1.669e-09 
68.500000 1.63e-09 
69.500000 1.593e-09 
70.500000 1.557e-09 
71.500000 1.522e-09 
72.500000 1.488e-09 
73.500000 1.455e-09 
74.500000 1.424e-09 
75.500000 1.393e-09 
76.500000 1.363e-09 
77.500000 1.335e-09 
78.500000 1.307e-09 
79.500000 1.28e-09 
80.500000 1.254e-09 
81.500000 1.228e-09 
82.500000 1.204e-09 
83.500000 1.18e-09 
84.500000 1.157e-09 
85.500000 1.134e-09 
86.500000 1.112e-09 
87.500000 1.091e-09 
88.500000 1.07e-09 
89.500000 1.049e-09 
90.500000 1.03e-09 
91.500000 1.011e-09 
92.500000 9.919e-10 
93.500000 9.737e-10 
94.500000 9.56e-10 
95.500000 9.387e-10 
96.500000 9.219e-10 
97.500000 9.055e-10 
98.500000 8.895e-10 
99.500000 8.738e-10 
100.500000 8.586e-10 
101.500000 8.437e-10 
102.500000 8.292e-10 
103.500000 8.15e-10 
104.500000 8.011e-10 
105.500000 7.876e-10 
106.500000 7.744e-10 
107.500000 7.615e-10 
108.500000 7.488e-10 
109.500000 7.365e-10 
110.500000 7.244e-10 
111.500000 7.126e-10 
112.500000 7.011e-10 
113.500000 6.898e-10 
114.500000 6.787e-10 
115.500000 6.679e-10 
116.500000 6.573e-10 
117.500000 6.47e-10 
118.500000 6.368e-10 
119.500000 6.269e-10 
120.500000 6.172e-10 
121.500000 6.076e-10 
122.500000 5.983e-10 
123.500000 5.892e-10 
124.500000 5.802e-10 
125.500000 5.714e-10 
126.500000 5.628e-10 
127.500000 5.544e-10 
128.500000 5.461e-10 
129.500000 5.38e-10 
130.500000 5.3e-10 
131.500000 5.222e-10 
132.500000 5.146e-10 
133.500000 5.071e-10 
134.500000 4.997e-10 
135.500000 4.925e-10 
136.500000 4.854e-10 
137.500000 4.784e-10 
138.500000 4.716e-10 
139.500000 4.649e-10 
140.500000 4.583e-10 
141.500000 4.518e-10 
142.500000 4.455e-10 
143.500000 4.392e-10 
144.500000 4.331e-10 
145.500000 4.271e-10 
146.500000 4.212e-10 
147.500000 4.154e-10 
148.500000 4.097e-10 
149.500000 4.041e-10 
150.500000 3.985e-10 
151.500000 3.931e-10 
152.500000 3.878e-10 
153.500000 3.826e-10 
154.500000 3.774e-10 
155.500000 3.724e-10 
156.500000 3.674e-10 
157.500000 3.625e-10 
158.500000 3.577e-10 
159.500000 3.53e-10 
160.500000 3.483e-10 
161.500000 3.438e-10 
162.500000 3.393e-10 
163.500000 3.348e-10 
164.500000 3.305e-10 
165.500000 3.262e-10 
166.500000 3.22e-10 
167.500000 3.178e-10 
168.500000 3.137e-10 
169.500000 3.097e-10 
170.500000 3.058e-10 
171.500000 3.019e-10 
172.500000 2.98e-10 
173.500000 2.943e-10 
174.500000 2.906e-10 
175.500000 2.869e-10 
176.500000 2.833e-10 
177.500000 2.798e-10 
178.500000 2.763e-10 
179.500000 2.728e-10 
180.500000 2.695e-10 
181.500000 2.661e-10 
182.500000 2.628e-10 
183.500000 2.596e-10 
184.500000 2.564e-10 
185.500000 2.533e-10 
186.500000 2.502e-10 
187.500000 2.471e-10 
188.500000 2.441e-10 
189.500000 2.412e-10 
190.500000 2.383e-10 
191.500000 2.354e-10 
192.500000 2.326e-10 
193.500000 2.298e-10 
194.500000 2.27e-10 
195.500000 2.243e-10 
196.500000 2.216e-10 
197.500000 2.19e-10 
198.500000 2.164e-10 
199.500000 2.139e-10 
200.500000 2.113e-10 
201.500000 2.088e-10 
202.500000 2.064e-10 
203.500000 2.04e-10 
204.500000 2.016e-10 
205.500000 1.992e-10 
206.500000 1.969e-10 
207.500000 1.946e-10 
208.500000 1.924e-10 
209.500000 1.902e-10 
210.500000 1.88e-10 
211.500000 1.858e-10 
212.500000 1.837e-10 
213.500000 1.816e-10 
214.500000 1.795e-10 
215.500000 1.774e-10 
216.500000 1.754e-10 
217.500000 1.734e-10 
218.500000 1.715e-10 
219.500000 1.695e-10 
220.500000 1.676e-10 
221.500000 1.657e-10 
222.500000 1.639e-10 
223.500000 1.62e-10 
224.500000 1.602e-10 
225.500000 1.584e-10 
226.500000 1.566e-10 
227.500000 1.549e-10 
228.500000 1.532e-10 
229.500000 1.515e-10 
230.500000 1.498e-10 
231.500000 1.481e-10 
232.500000 1.465e-10 
233.500000 1.449e-10 
234.500000 1.433e-10 
235.500000 1.417e-10 
236.500000 1.402e-10 
237.500000 1.386e-10 
238.500000 1.371e-10 
239.500000 1.356e-10 
240.500000 1.342e-10 
241.500000 1.327e-10 
242.500000 1.313e-10 
243.500000 1.299e-10 
244.500000 1.284e-10 
245.500000 1.271e-10 
246.500000 1.257e-10 
247.500000 1.243e-10 
248.500000 1.23e-10 
249.500000 1.217e-10 
250.500000 1.204e-10 
251.500000 1.191e-10 
252.500000 1.178e-10 
253.500000 1.166e-10 
254.500000 1.154e-10 
255.500000 1.141e-10 
256.500000 1.129e-10 
257.500000 1.117e-10 
258.500000 1.105e-10 
259.500000 1.094e-10 
260.500000 1.082e-10 
261.500000 1.071e-10 
262.500000 1.06e-10 
263.500000 1.049e-10 
264.500000 1.038e-10 
265.500000 1.027e-10 
266.500000 1.016e-10 
267.500000 1.006e-10 
268.500000 9.952e-11 
269.500000 9.848e-11 
270.500000 9.746e-11 
271.500000 9.646e-11 
272.500000 9.546e-11 
273.500000 9.448e-11 
274.500000 9.35e-11 
275.500000 9.254e-11 
276.500000 9.159e-11 
277.500000 9.065e-11 
278.500000 8.973e-11 
279.500000 8.881e-11 
280.500000 8.79e-11 
281.500000 8.701e-11 
282.500000 8.612e-11 
283.500000 8.525e-11 
284.500000 8.438e-11 
285.500000 8.353e-11 
286.500000 8.268e-11 
287.500000 8.184e-11 
288.500000 8.102e-11 
289.500000 8.02e-11 
290.500000 7.939e-11 
291.500000 7.86e-11 
292.500000 7.781e-11 
293.500000 7.703e-11 
294.500000 7.626e-11 
295.500000 7.549e-11 
296.500000 7.474e-11 
297.500000 7.4e-11 
298.500000 7.326e-11 
299.500000 7.253e-11 
300.500000 7.181e-11 
301.500000 7.11e-11 
302.500000 7.039e-11 
303.500000 6.97e-11 
304.500000 6.901e-11 
305.500000 6.833e-11 
306.500000 6.765e-11 
307.500000 6.699e-11 
308.500000 6.633e-11 
309.500000 6.568e-11 
310.500000 6.503e-11 
311.500000 6.44e-11 
312.500000 6.377e-11 
313.500000 6.314e-11 
314.500000 6.253e-11 
315.500000 6.192e-11 
316.500000 6.132e-11 
317.500000 6.072e-11 
318.500000 6.013e-11 
319.500000 5.955e-11 
320.500000 5.897e-11 
321.500000 5.84e-11 
322.500000 5.783e-11 
323.500000 5.728e-11 
324.500000 5.672e-11 
325.500000 5.618e-11 
326.500000 5.564e-11 
327.500000 5.51e-11 
328.500000 5.457e-11 
329.500000 5.405e-11 
330.500000 5.353e-11 
331.500000 5.302e-11 
332.500000 5.251e-11 
333.500000 5.201e-11 
334.500000 5.152e-11 
335.500000 5.103e-11 
336.500000 5.054e-11 
337.500000 5.006e-11 
338.500000 4.959e-11 
339.500000 4.912e-11 
340.500000 4.865e-11 
341.500000 4.819e-11 
342.500000 4.774e-11 
343.500000 4.729e-11 
344.500000 4.684e-11 
345.500000 4.64e-11 
346.500000 4.596e-11 
347.500000 4.553e-11 
348.500000 4.51e-11 
349.500000 4.468e-11 
350.500000 4.426e-11 
351.500000 4.385e-11 
352.500000 4.344e-11 
353.500000 4.303e-11 
354.500000 4.263e-11 
355.500000 4.224e-11 
356.500000 4.184e-11 
357.500000 4.145e-11 
358.500000 4.107e-11 
359.500000 4.069e-11 
360.500000 4.031e-11 
361.500000 3.994e-11 
362.500000 3.957e-11 
363.500000 3.92e-11 
364.500000 3.884e-11 
365.500000 3.848e-11 
366.500000 3.813e-11 
367.500000 3.778e-11 
368.500000 3.743e-11 
369.500000 3.709e-11 
370.500000 3.675e-11 
371.500000 3.641e-11 
372.500000 3.608e-11 
373.500000 3.575e-11 
374.500000 3.542e-11 
375.500000 3.51e-11 
376.500000 3.478e-11 
377.500000 3.446e-11 
378.500000 3.415e-11 
379.500000 3.384e-11 
380.500000 3.353e-11 
381.500000 3.323e-11 
382.500000 3.293e-11 
383.500000 3.263e-11 
384.500000 3.233e-11 
385.500000 3.204e-11 
386.500000 3.175e-11 
387.500000 3.147e-11 
388.500000 3.118e-11 
389.500000 3.09e-11 
390.500000 3.063e-11 
391.500000 3.035e-11 
392.500000 3.008e-11 
393.500000 2.981e-11 
394.500000 2.954e-11 
395.500000 2.928e-11 
396.500000 2.902e-11 
397.500000 2.876e-11 
398.500000 2.85e-11 
399.500000 2.825e-11 
400.500000 2.8e-11 
401.500000 2.775e-11 
402.500000 2.75e-11 
403.500000 2.726e-11 
404.500000 2.702e-11 
405.500000 2.678e-11 
406.500000 2.654e-11 
407.500000 2.63e-11 
408.500000 2.607e-11 
409.500000 2.584e-11 
410.500000 2.561e-11 
411.500000 2.539e-11 
412.500000 2.517e-11 
413.500000 2.494e-11 
414.500000 2.473e-11 
415.500000 2.451e-11 
416.500000 2.429e-11 
417.500000 2.408e-11 
418.500000 2.387e-11 
419.500000 2.366e-11 
420.500000 2.346e-11 
421.500000 2.325e-11 
422.500000 2.305e-11 
423.500000 2.285e-11 
424.500000 2.265e-11 
425.500000 2.245e-11 
426.500000 2.226e-11 
427.500000 2.206e-11 
428.500000 2.187e-11 
429.500000 2.168e-11 
430.500000 2.15e-11 
431.500000 2.131e-11 
432.500000 2.113e-11 
433.500000 2.094e-11 
434.500000 2.076e-11 
435.500000 2.058e-11 
436.500000 2.041e-11 
437.500000 2.023e-11 
438.500000 2.006e-11 
439.500000 1.989e-11 
440.500000 1.972e-11 
441.500000 1.955e-11 
442.500000 1.938e-11 
443.500000 1.921e-11 
444.500000 1.905e-11 
445.500000 1.889e-11 
446.500000 1.873e-11 
447.500000 1.857e-11 
448.500000 1.841e-11 
449.500000 1.825e-11 
450.500000 1.81e-11 
451.500000 1.794e-11 
452.500000 1.779e-11 
453.500000 1.764e-11 
454.500000 1.749e-11 
455.500000 1.734e-11 
456.500000 1.72e-11 
457.500000 1.705e-11 
458.500000 1.691e-11 
459.500000 1.677e-11 
460.500000 1.662e-11 
461.500000 1.648e-11 
462.500000 1.635e-11 
463.500000 1.621e-11 
464.500000 1.607e-11 
465.500000 1.594e-11 
466.500000 1.581e-11 
467.500000 1.567e-11 
468.500000 1.554e-11 
469.500000 1.541e-11 
470.500000 1.528e-11 
471.500000 1.516e-11 
472.500000 1.503e-11 
473.500000 1.491e-11 
474.500000 1.478e-11 
475.500000 1.466e-11 
476.500000 1.454e-11 
477.500000 1.442e-11 
478.500000 1.43e-11 
479.500000 1.418e-11 
480.500000 1.406e-11 
481.500000 1.395e-11 
482.500000 1.383e-11 
483.500000 1.372e-11 
484.500000 1.36e-11 
485.500000 1.349e-11 
486.500000 1.338e-11 
487.500000 1.327e-11 
488.500000 1.316e-11 
489.500000 1.305e-11 
490.500000 1.295e-11 
491.500000 1.284e-11 
492.500000 1.274e-11 
493.500000 1.263e-11 
494.500000 1.253e-11 
495.500000 1.243e-11 
496.500000 1.233e-11 
497.500000 1.223e-11 
498.500000 1.213e-11 
499.500000 1.203e-11 
500.500000 1.193e-11 
501.500000 1.183e-11 
502.500000 1.174e-11 
503.500000 1.164e-11 
504.500000 1.155e-11 
505.500000 1.145e-11 
506.500000 1.136e-11 
507.500000 1.127e-11 
508.500000 1.118e-11 
509.500000 1.109e-11 
510.500000 1.1e-11 
511.500000 1.091e-11 
512.500000 1.082e-11 
513.500000 1.074e-11 
514.500000 1.065e-11 
515.500000 1.057e-11 
516.500000 1.048e-11 
517.500000 1.04e-11 
518.500000 1.032e-11 
519.500000 1.023e-11 
520.500000 1.015e-11 
521.500000 1.007e-11 
522.500000 9.991e-12 
523.500000 9.912e-12 
524.500000 9.833e-12 
525.500000 9.755e-12 
526.500000 9.678e-12 
527.500000 9.601e-12 
528.500000 9.525e-12 
529.500000 9.45e-12 
530.500000 9.375e-12 
531.500000 9.301e-12 
532.500000 9.228e-12 
533.500000 9.155e-12 
534.500000 9.083e-12 
535.500000 9.012e-12 
536.500000 8.941e-12 
537.500000 8.871e-12 
538.500000 8.802e-12 
539.500000 8.733e-12 
540.500000 8.664e-12 
541.500000 8.597e-12 
542.500000 8.53e-12 
543.500000 8.463e-12 
544.500000 8.397e-12 
545.500000 8.332e-12 
546.500000 8.267e-12 
547.500000 8.203e-12 
548.500000 8.139e-12 
549.500000 8.076e-12 
550.500000 8.014e-12 
551.500000 7.952e-12 
552.500000 7.89e-12 
553.500000 7.829e-12 
554.500000 7.769e-12 
555.500000 7.709e-12 
556.500000 7.65e-12 
557.500000 7.591e-12 
558.500000 7.532e-12 
559.500000 7.474e-12 
560.500000 7.417e-12 
561.500000 7.36e-12 
562.500000 7.304e-12 
563.500000 7.248e-12 
564.500000 7.193e-12 
565.500000 7.138e-12 
566.500000 7.083e-12 
567.500000 7.029e-12 
568.500000 6.976e-12 
569.500000 6.923e-12 
570.500000 6.87e-12 
571.500000 6.818e-12 
572.500000 6.766e-12 
573.500000 6.715e-12 
574.500000 6.664e-12 
575.500000 6.614e-12 
576.500000 6.564e-12 
577.500000 6.515e-12 
578.500000 6.465e-12 
579.500000 6.417e-12 
580.500000 6.369e-12 
581.500000 6.321e-12 
582.500000 6.273e-12 
583.500000 6.226e-12 
584.500000 6.18e-12 
585.500000 6.133e-12 
586.500000 6.087e-12 
587.500000 6.042e-12 
588.500000 5.997e-12 
589.500000 5.952e-12 
590.500000 5.908e-12 
591.500000 5.864e-12 
592.500000 5.82e-12 
593.500000 5.777e-12 
594.500000 5.734e-12 
595.500000 5.692e-12 
596.500000 5.65e-12 
597.500000 5.608e-12 
598.500000 5.567e-12 
599.500000 5.526e-12 
600.500000 5.485e-12 
601.500000 5.444e-12 
602.500000 5.404e-12 
603.500000 5.365e-12 
604.500000 5.325e-12 
605.500000 5.286e-12 
606.500000 5.248e-12 
607.500000 5.209e-12 
608.500000 5.171e-12 
609.500000 5.133e-12 
610.500000 5.096e-12 
611.500000 5.059e-12 
612.500000 5.022e-12 
613.500000 4.986e-12 
614.500000 4.949e-12 
615.500000 4.914e-12 
616.500000 4.878e-12 
617.500000 4.843e-12 
618.500000 4.808e-12 
619.500000 4.773e-12 
620.500000 4.738e-12 
621.500000 4.704e-12 
622.500000 4.67e-12 
623.500000 4.637e-12 
624.500000 4.604e-12 
625.500000 4.571e-12 
626.500000 4.538e-12 
627.500000 4.505e-12 
628.500000 4.473e-12 
629.500000 4.441e-12 
630.500000 4.409e-12 
631.500000 4.378e-12 
632.500000 4.347e-12 
633.500000 4.316e-12 
634.500000 4.285e-12 
635.500000 4.255e-12 
636.500000 4.225e-12 
637.500000 4.195e-12 
638.500000 4.165e-12 
639.500000 4.136e-12 
640.500000 4.107e-12 
641.500000 4.078e-12 
642.500000 4.049e-12 
643.500000 4.02e-12 
644.500000 3.992e-12 
645.500000 3.964e-12 
646.500000 3.936e-12 
647.500000 3.909e-12 
648.500000 3.882e-12 
649.500000 3.854e-12 
650.500000 3.828e-12 
651.500000 3.801e-12 
652.500000 3.774e-12 
653.500000 3.748e-12 
654.500000 3.722e-12 
655.500000 3.696e-12 
656.500000 3.671e-12 
657.500000 3.645e-12 
658.500000 3.62e-12 
659.500000 3.595e-12 
660.500000 3.57e-12 
661.500000 3.546e-12 
662.500000 3.521e-12 
663.500000 3.497e-12 
664.500000 3.473e-12 
665.500000 3.449e-12 
666.500000 3.426e-12 
667.500000 3.402e-12 
668.500000 3.379e-12 
669.500000 3.356e-12 
670.500000 3.333e-12 
671.500000 3.311e-12 
672.500000 3.288e-12 
673.500000 3.266e-12 
674.500000 3.244e-12 
675.500000 3.222e-12 
676.500000 3.2e-12 
677.500000 3.178e-12 
678.500000 3.157e-12 
679.500000 3.136e-12 
680.500000 3.114e-12 
681.500000 3.093e-12 
682.500000 3.073e-12 
683.500000 3.052e-12 
684.500000 3.032e-12 
685.500000 3.011e-12 
686.500000 2.991e-12 
687.500000 2.971e-12 
688.500000 2.952e-12 
689.500000 2.932e-12 
690.500000 2.912e-12 
691.500000 2.893e-12 
692.500000 2.874e-12 
693.500000 2.855e-12 
694.500000 2.836e-12 
695.500000 2.817e-12 
696.500000 2.799e-12 
697.500000 2.78e-12 
698.500000 2.762e-12 
699.500000 2.744e-12 
700.500000 2.726e-12 
701.500000 2.708e-12 
702.500000 2.69e-12 
703.500000 2.673e-12 
704.500000 2.655e-12 
705.500000 2.638e-12 
706.500000 2.621e-12 
707.500000 2.604e-12 
708.500000 2.587e-12 
709.500000 2.57e-12 
710.500000 2.553e-12 
711.500000 2.537e-12 
712.500000 2.52e-12 
713.500000 2.504e-12 
714.500000 2.488e-12 
715.500000 2.472e-12 
716.500000 2.456e-12 
717.500000 2.44e-12 
718.500000 2.425e-12 
719.500000 2.409e-12 
720.500000 2.394e-12 
721.500000 2.379e-12 
722.500000 2.363e-12 
723.500000 2.348e-12 
724.500000 2.334e-12 
725.500000 2.319e-12 
726.500000 2.304e-12 
727.500000 2.289e-12 
728.500000 2.275e-12 
729.500000 2.261e-12 
730.500000 2.246e-12 
731.500000 2.232e-12 
732.500000 2.218e-12 
733.500000 2.204e-12 
734.500000 2.19e-12 
735.500000 2.177e-12 
736.500000 2.163e-12 
737.500000 2.15e-12 
738.500000 2.136e-12 
739.500000 2.123e-12 
740.500000 2.11e-12 
741.500000 2.097e-12 
742.500000 2.084e-12 
743.500000 2.071e-12 
744.500000 2.058e-12 
745.500000 2.045e-12 
746.500000 2.033e-12 
747.500000 2.02e-12 
748.500000 2.008e-12 
749.500000 1.995e-12 
750.500000 1.983e-12 
751.500000 1.971e-12 
752.500000 1.959e-12 
753.500000 1.947e-12 
754.500000 1.935e-12 
755.500000 1.923e-12 
756.500000 1.912e-12 
757.500000 1.9e-12 
758.500000 1.889e-12 
759.500000 1.877e-12 
760.500000 1.866e-12 
761.500000 1.855e-12 
762.500000 1.844e-12 
763.500000 1.832e-12 
764.500000 1.821e-12 
765.500000 1.811e-12 
766.500000 1.8e-12 
767.500000 1.789e-12 
768.500000 1.778e-12 
769.500000 1.768e-12 
770.500000 1.757e-12 
771.500000 1.747e-12 
772.500000 1.736e-12 
773.500000 1.726e-12 
774.500000 1.716e-12 
775.500000 1.706e-12 
776.500000 1.696e-12 
777.500000 1.686e-12 
778.500000 1.676e-12 
779.500000 1.666e-12 
780.500000 1.656e-12 
781.500000 1.647e-12 
782.500000 1.637e-12 
783.500000 1.627e-12 
784.500000 1.618e-12 
785.500000 1.608e-12 
786.500000 1.599e-12 
787.500000 1.59e-12 
788.500000 1.581e-12 
789.500000 1.572e-12 
790.500000 1.563e-12 
791.500000 1.554e-12 
792.500000 1.545e-12 
793.500000 1.536e-12 
794.500000 1.527e-12 
795.500000 1.518e-12 
796.500000 1.51e-12 
797.500000 1.501e-12 
798.500000 1.492e-12 
799.500000 1.484e-12 
800.500000 1.475e-12 
801.500000 1.467e-12 
802.500000 1.459e-12 
803.500000 1.451e-12 
804.500000 1.442e-12 
805.500000 1.434e-12 
806.500000 1.426e-12 
807.500000 1.418e-12 
808.500000 1.41e-12 
809.500000 1.402e-12 
810.500000 1.395e-12 
811.500000 1.387e-12 
812.500000 1.379e-12 
813.500000 1.371e-12 
814.500000 1.364e-12 
815.500000 1.356e-12 
816.500000 1.349e-12 
817.500000 1.341e-12 
818.500000 1.334e-12 
819.500000 1.327e-12 
820.500000 1.319e-12 
821.500000 1.312e-12 
822.500000 1.305e-12 
823.500000 1.298e-12 
824.500000 1.291e-12 
825.500000 1.284e-12 
826.500000 1.277e-12 
827.500000 1.27e-12 
828.500000 1.263e-12 
829.500000 1.256e-12 
830.500000 1.249e-12 
831.500000 1.242e-12 
832.500000 1.236e-12 
833.500000 1.229e-12 
834.500000 1.223e-12 
835.500000 1.216e-12 
836.500000 1.209e-12 
837.500000 1.203e-12 
838.500000 1.197e-12 
839.500000 1.19e-12 
840.500000 1.184e-12 
841.500000 1.178e-12 
842.500000 1.171e-12 
843.500000 1.165e-12 
844.500000 1.159e-12 
845.500000 1.153e-12 
846.500000 1.147e-12 
847.500000 1.141e-12 
848.500000 1.135e-12 
849.500000 1.129e-12 
850.500000 1.123e-12 
851.500000 1.117e-12 
852.500000 1.111e-12 
853.500000 1.106e-12 
854.500000 1.1e-12 
855.500000 1.094e-12 
856.500000 1.089e-12 
857.500000 1.083e-12 
858.500000 1.077e-12 
859.500000 1.072e-12 
860.500000 1.066e-12 
861.500000 1.061e-12 
862.500000 1.055e-12 
863.500000 1.05e-12 
864.500000 1.045e-12 
865.500000 1.039e-12 
866.500000 1.034e-12 
867.500000 1.029e-12 
868.500000 1.024e-12 
869.500000 1.019e-12 
870.500000 1.013e-12 
871.500000 1.008e-12 
872.500000 1.003e-12 
873.500000 9.983e-13 
874.500000 9.933e-13 
875.500000 9.883e-13 
876.500000 9.834e-13 
877.500000 9.785e-13 
878.500000 9.737e-13 
879.500000 9.688e-13 
880.500000 9.64e-13 
881.500000 9.593e-13 
882.500000 9.545e-13 
883.500000 9.499e-13 
884.500000 9.452e-13 
885.500000 9.406e-13 
886.500000 9.36e-13 
887.500000 9.314e-13 
888.500000 9.268e-13 
889.500000 9.223e-13 
890.500000 9.179e-13 
891.500000 9.134e-13 
892.500000 9.09e-13 
893.500000 9.046e-13 
894.500000 9.002e-13 
895.500000 8.959e-13 
896.500000 8.916e-13 
897.500000 8.873e-13 
898.500000 8.831e-13 
899.500000 8.789e-13 
900.500000 8.747e-13 
901.500000 8.705e-13 
902.500000 8.664e-13 
903.500000 8.623e-13 
904.500000 8.582e-13 
905.500000 8.541e-13 
906.500000 8.501e-13 
907.500000 8.461e-13 
908.500000 8.421e-13 
909.500000 8.382e-13 
910.500000 8.343e-13 
911.500000 8.304e-13 
912.500000 8.265e-13 
913.500000 8.227e-13 
914.500000 8.188e-13 
915.500000 8.151e-13 
916.500000 8.113e-13 
917.500000 8.075e-13 
918.500000 8.038e-13 
919.500000 8.001e-13 
920.500000 7.964e-13 
921.500000 7.928e-13 
922.500000 7.892e-13 
923.500000 7.856e-13 
924.500000 7.82e-13 
925.500000 7.784e-13 
926.500000 7.749e-13 
927.500000 7.714e-13 
928.500000 7.679e-13 
929.500000 7.644e-13 
930.500000 7.61e-13 
931.500000 7.576e-13 
932.500000 7.542e-13 
933.500000 7.508e-13 
934.500000 7.474e-13 
935.500000 7.441e-13 
936.500000 7.408e-13 
937.500000 7.375e-13 
938.500000 7.342e-13 
939.500000 7.31e-13 
940.500000 7.278e-13 
941.500000 7.246e-13 
942.500000 7.214e-13 
943.500000 7.182e-13 
944.500000 7.15e-13 
945.500000 7.119e-13 
946.500000 7.088e-13 
947.500000 7.057e-13 
948.500000 7.027e-13 
949.500000 6.996e-13 
950.500000 6.966e-13 
951.500000 6.936e-13 
952.500000 6.906e-13 
953.500000 6.876e-13 
954.500000 6.846e-13 
955.500000 6.817e-13 
956.500000 6.788e-13 
957.500000 6.759e-13 
958.500000 6.73e-13 
959.500000 6.701e-13 
960.500000 6.673e-13 
961.500000 6.644e-13 
962.500000 6.616e-13 
963.500000 6.588e-13 
964.500000 6.561e-13 
965.500000 6.533e-13 
966.500000 6.506e-13 
967.500000 6.478e-13 
968.500000 6.451e-13 
969.500000 6.424e-13 
970.500000 6.398e-13 
971.500000 6.371e-13 
972.500000 6.344e-13 
973.500000 6.318e-13 
974.500000 6.292e-13 
975.500000 6.266e-13 
976.500000 6.24e-13 
977.500000 6.215e-13 
978.500000 6.189e-13 
979.500000 6.164e-13 
980.500000 6.139e-13 
981.500000 6.114e-13 
982.500000 6.089e-13 
983.500000 6.064e-13 
984.500000 6.039e-13 
985.500000 6.015e-13 
986.500000 5.991e-13 
987.500000 5.967e-13 
988.500000 5.943e-13 
989.500000 5.919e-13 
990.500000 5.895e-13 
991.500000 5.871e-13 
992.500000 5.848e-13 
993.500000 5.825e-13 
994.500000 5.802e-13 
995.500000 5.778e-13 
996.500000 5.756e-13 
997.500000 5.733e-13 
998.500000 5.71e-13 
999.500000 5.688e-13 
1000.500000 5.665e-13 
1001.500000 5.643e-13 
1002.500000 5.621e-13 
1003.500000 5.599e-13 
1004.500000 5.577e-13 
1005.500000 5.556e-13 
1006.500000 5.534e-13 
1007.500000 5.513e-13 
1008.500000 5.491e-13 
1009.500000 5.47e-13 
1010.500000 5.449e-13 
1011.500000 5.428e-13 
1012.500000 5.407e-13 
1013.500000 5.387e-13 
1014.500000 5.366e-13 
1015.500000 5.346e-13 
1016.500000 5.325e-13 
1017.500000 5.305e-13 
1018.500000 5.285e-13 
1019.500000 5.265e-13 
1020.500000 5.245e-13 
1021.500000 5.225e-13 
1022.500000 5.206e-13 
1023.500000 5.186e-13 
1024.500000 5.167e-13 
1025.500000 5.147e-13 
1026.500000 5.128e-13 
1027.500000 5.109e-13 
1028.500000 5.09e-13 
1029.500000 5.071e-13 
1030.500000 5.052e-13 
1031.500000 5.034e-13 
1032.500000 5.015e-13 
1033.500000 4.997e-13 
1034.500000 4.978e-13 
1035.500000 4.96e-13 
1036.500000 4.942e-13 
1037.500000 4.924e-13 
1038.500000 4.906e-13 
1039.500000 4.888e-13 
1040.500000 4.87e-13 
1041.500000 4.853e-13 
1042.500000 4.835e-13 
1043.500000 4.818e-13 
1044.500000 4.8e-13 
1045.500000 4.783e-13 
1046.500000 4.766e-13 
1047.500000 4.749e-13 
1048.500000 4.732e-13 
1049.500000 4.715e-13 
1050.500000 4.698e-13 
1051.500000 4.681e-13 
1052.500000 4.665e-13 
1053.500000 4.648e-13 
1054.500000 4.632e-13 
1055.500000 4.615e-13 
1056.500000 4.599e-13 
1057.500000 4.583e-13 
1058.500000 4.567e-13 
1059.500000 4.551e-13 
1060.500000 4.535e-13 
1061.500000 4.519e-13 
1062.500000 4.504e-13 
1063.500000 4.488e-13 
1064.500000 4.472e-13 
1065.500000 4.457e-13 
1066.500000 4.442e-13 
1067.500000 4.426e-13 
1068.500000 4.411e-13 
1069.500000 4.396e-13 
1070.500000 4.381e-13 
1071.500000 4.366e-13 
1072.500000 4.351e-13 
1073.500000 4.336e-13 
1074.500000 4.321e-13 
1075.500000 4.307e-13 
1076.500000 4.292e-13 
1077.500000 4.278e-13 
1078.500000 4.263e-13 
1079.500000 4.249e-13 
1080.500000 4.235e-13 
1081.500000 4.22e-13 
1082.500000 4.206e-13 
1083.500000 4.192e-13 
1084.500000 4.178e-13 
1085.500000 4.164e-13 
1086.500000 4.15e-13 
1087.500000 4.137e-13 
1088.500000 4.123e-13 
1089.500000 4.109e-13 
1090.500000 4.096e-13 
1091.500000 4.082e-13 
1092.500000 4.069e-13 
1093.500000 4.056e-13 
1094.500000 4.042e-13 
1095.500000 4.029e-13 
1096.500000 4.016e-13 
1097.500000 4.003e-13 
1098.500000 3.99e-13 
1099.500000 3.977e-13 
1100.500000 3.964e-13 
1101.500000 3.951e-13 
1102.500000 3.939e-13 
1103.500000 3.926e-13 
1104.500000 3.913e-13 
1105.500000 3.901e-13 
1106.500000 3.888e-13 
1107.500000 3.876e-13 
1108.500000 3.863e-13 
1109.500000 3.851e-13 
1110.500000 3.839e-13 
1111.500000 3.827e-13 
1112.500000 3.815e-13 
1113.500000 3.803e-13 
1114.500000 3.791e-13 
1115.500000 3.779e-13 
1116.500000 3.767e-13 
1117.500000 3.755e-13 
1118.500000 3.743e-13 
1119.500000 3.732e-13 
1120.500000 3.72e-13 
1121.500000 3.708e-13 
1122.500000 3.697e-13 
1123.500000 3.685e-13 
1124.500000 3.674e-13 
1125.500000 3.663e-13 
1126.500000 3.651e-13 
1127.500000 3.64e-13 
1128.500000 3.629e-13 
1129.500000 3.618e-13 
1130.500000 3.607e-13 
1131.500000 3.596e-13 
1132.500000 3.585e-13 
1133.500000 3.574e-13 
1134.500000 3.563e-13 
1135.500000 3.552e-13 
1136.500000 3.541e-13 
1137.500000 3.531e-13 
1138.500000 3.52e-13 
1139.500000 3.509e-13 
1140.500000 3.499e-13 
1141.500000 3.488e-13 
1142.500000 3.478e-13 
1143.500000 3.467e-13 
1144.500000 3.457e-13 
1145.500000 3.447e-13 
1146.500000 3.437e-13 
1147.500000 3.426e-13 
1148.500000 3.416e-13 
1149.500000 3.406e-13 
1150.500000 3.396e-13 
1151.500000 3.386e-13 
1152.500000 3.376e-13 
1153.500000 3.366e-13 
1154.500000 3.356e-13 
1155.500000 3.346e-13 
1156.500000 3.337e-13 
1157.500000 3.327e-13 
1158.500000 3.317e-13 
1159.500000 3.308e-13 
1160.500000 3.298e-13 
1161.500000 3.288e-13 
1162.500000 3.279e-13 
1163.500000 3.269e-13 
1164.500000 3.26e-13 
1165.500000 3.251e-13 
1166.500000 3.241e-13 
1167.500000 3.232e-13 
1168.500000 3.223e-13 
1169.500000 3.214e-13 
1170.500000 3.204e-13 
1171.500000 3.195e-13 
1172.500000 3.186e-13 
1173.500000 3.177e-13 
1174.500000 3.168e-13 
1175.500000 3.159e-13 
1176.500000 3.15e-13 
1177.500000 3.141e-13 
1178.500000 3.132e-13 
1179.500000 3.124e-13 
1180.500000 3.115e-13 
1181.500000 3.106e-13 
1182.500000 3.098e-13 
1183.500000 3.089e-13 
1184.500000 3.08e-13 
1185.500000 3.072e-13 
1186.500000 3.063e-13 
1187.500000 3.055e-13 
1188.500000 3.046e-13 
1189.500000 3.038e-13 
1190.500000 3.029e-13 
1191.500000 3.021e-13 
1192.500000 3.013e-13 
1193.500000 3.005e-13 
1194.500000 2.996e-13 
1195.500000 2.988e-13 
1196.500000 2.98e-13 
1197.500000 2.972e-13 
1198.500000 2.964e-13 
1199.500000 2.956e-13 
1200.500000 2.948e-13 
1201.500000 2.94e-13 
1202.500000 2.932e-13 
1203.500000 2.924e-13 
1204.500000 2.916e-13 
1205.500000 2.908e-13 
1206.500000 2.9e-13 
1207.500000 2.892e-13 
1208.500000 2.885e-13 
1209.500000 2.877e-13 
1210.500000 2.869e-13 
1211.500000 2.862e-13 
1212.500000 2.854e-13 
1213.500000 2.846e-13 
1214.500000 2.839e-13 
1215.500000 2.831e-13 
1216.500000 2.824e-13 
1217.500000 2.816e-13 
1218.500000 2.809e-13 
1219.500000 2.802e-13 
1220.500000 2.794e-13 
1221.500000 2.787e-13 
1222.500000 2.78e-13 
1223.500000 2.772e-13 
1224.500000 2.765e-13 
1225.500000 2.758e-13 
1226.500000 2.751e-13 
1227.500000 2.744e-13 
1228.500000 2.737e-13 
1229.500000 2.729e-13 
1230.500000 2.722e-13 
1231.500000 2.715e-13 
1232.500000 2.708e-13 
1233.500000 2.701e-13 
1234.500000 2.694e-13 
1235.500000 2.687e-13 
1236.500000 2.681e-13 
1237.500000 2.674e-13 
1238.500000 2.667e-13 
1239.500000 2.66e-13 
1240.500000 2.653e-13 
1241.500000 2.647e-13 
1242.500000 2.64e-13 
1243.500000 2.633e-13 
1244.500000 2.626e-13 
1245.500000 2.62e-13 
1246.500000 2.613e-13 
1247.500000 2.607e-13 
1248.500000 2.6e-13 
1249.500000 2.594e-13 
1250.500000 2.587e-13 
1251.500000 2.581e-13 
1252.500000 2.574e-13 
1253.500000 2.568e-13 
1254.500000 2.561e-13 
1255.500000 2.555e-13 
1256.500000 2.549e-13 
1257.500000 2.542e-13 
1258.500000 2.536e-13 
1259.500000 2.53e-13 
1260.500000 2.523e-13 
1261.500000 2.517e-13 
1262.500000 2.511e-13 
1263.500000 2.505e-13 
1264.500000 2.499e-13 
1265.500000 2.492e-13 
1266.500000 2.486e-13 
1267.500000 2.48e-13 
1268.500000 2.474e-13 
1269.500000 2.468e-13 
1270.500000 2.462e-13 
1271.500000 2.456e-13 
1272.500000 2.45e-13 
1273.500000 2.444e-13 
1274.500000 2.438e-13 
1275.500000 2.432e-13 
1276.500000 2.427e-13 
1277.500000 2.421e-13 
1278.500000 2.415e-13 
1279.500000 2.409e-13 
1280.500000 2.403e-13 
1281.500000 2.397e-13 
1282.500000 2.392e-13 
1283.500000 2.386e-13 
1284.500000 2.38e-13 
1285.500000 2.375e-13 
1286.500000 2.369e-13 
1287.500000 2.363e-13 
1288.500000 2.358e-13 
1289.500000 2.352e-13 
1290.500000 2.347e-13 
1291.500000 2.341e-13 
1292.500000 2.335e-13 
1293.500000 2.33e-13 
1294.500000 2.324e-13 
1295.500000 2.319e-13 
1296.500000 2.313e-13 
1297.500000 2.308e-13 
1298.500000 2.303e-13 
1299.500000 2.297e-13 
1300.500000 2.292e-13 
1301.500000 2.287e-13 
1302.500000 2.281e-13 
1303.500000 2.276e-13 
1304.500000 2.271e-13 
1305.500000 2.265e-13 
1306.500000 2.26e-13 
1307.500000 2.255e-13 
1308.500000 2.25e-13 
1309.500000 2.244e-13 
1310.500000 2.239e-13 
1311.500000 2.234e-13 
1312.500000 2.229e-13 
1313.500000 2.224e-13 
1314.500000 2.219e-13 
1315.500000 2.214e-13 
1316.500000 2.209e-13 
1317.500000 2.203e-13 
1318.500000 2.198e-13 
1319.500000 2.193e-13 
1320.500000 2.188e-13 
1321.500000 2.183e-13 
1322.500000 2.178e-13 
1323.500000 2.174e-13 
1324.500000 2.169e-13 
1325.500000 2.164e-13 
1326.500000 2.159e-13 
1327.500000 2.154e-13 
1328.500000 2.149e-13 
1329.500000 2.144e-13 
1330.500000 2.139e-13 
1331.500000 2.135e-13 
1332.500000 2.13e-13 
1333.500000 2.125e-13 
1334.500000 2.12e-13 
1335.500000 2.116e-13 
1336.500000 2.111e-13 
1337.500000 2.106e-13 
1338.500000 2.101e-13 
1339.500000 2.097e-13 
1340.500000 2.092e-13 
1341.500000 2.087e-13 
1342.500000 2.083e-13 
1343.500000 2.078e-13 
1344.500000 2.074e-13 
1345.500000 2.069e-13 
1346.500000 2.064e-13 
1347.500000 2.06e-13 
1348.500000 2.055e-13 
1349.500000 2.051e-13 
1350.500000 2.046e-13 
1351.500000 2.042e-13 
1352.500000 2.037e-13 
1353.500000 2.033e-13 
1354.500000 2.028e-13 
1355.500000 2.024e-13 
1356.500000 2.02e-13 
1357.500000 2.015e-13 
1358.500000 2.011e-13 
1359.500000 2.006e-13 
1360.500000 2.002e-13 
1361.500000 1.998e-13 
1362.500000 1.993e-13 
1363.500000 1.989e-13 
1364.500000 1.985e-13 
1365.500000 1.981e-13 
1366.500000 1.976e-13 
1367.500000 1.972e-13 
1368.500000 1.968e-13 
1369.500000 1.964e-13 
1370.500000 1.959e-13 
1371.500000 1.955e-13 
1372.500000 1.951e-13 
1373.500000 1.947e-13 
1374.500000 1.943e-13 
1375.500000 1.939e-13 
1376.500000 1.934e-13 
1377.500000 1.93e-13 
1378.500000 1.926e-13 
1379.500000 1.922e-13 
1380.500000 1.918e-13 
1381.500000 1.914e-13 
1382.500000 1.91e-13 
1383.500000 1.906e-13 
1384.500000 1.902e-13 
1385.500000 1.898e-13 
1386.500000 1.894e-13 
1387.500000 1.89e-13 
1388.500000 1.886e-13 
1389.500000 1.882e-13 
1390.500000 1.878e-13 
1391.500000 1.874e-13 
1392.500000 1.87e-13 
1393.500000 1.866e-13 
1394.500000 1.862e-13 
1395.500000 1.858e-13 
1396.500000 1.855e-13 
1397.500000 1.851e-13 
1398.500000 1.847e-13 
1399.500000 1.843e-13 
1400.500000 1.839e-13 
1401.500000 1.835e-13 
1402.500000 1.832e-13 
1403.500000 1.828e-13 
1404.500000 1.824e-13 
1405.500000 1.82e-13 
1406.500000 1.816e-13 
1407.500000 1.813e-13 
1408.500000 1.809e-13 
1409.500000 1.805e-13 
1410.500000 1.802e-13 
1411.500000 1.798e-13 
1412.500000 1.794e-13 
1413.500000 1.79e-13 
1414.500000 1.787e-13 
1415.500000 1.783e-13 
1416.500000 1.78e-13 
1417.500000 1.776e-13 
1418.500000 1.772e-13 
1419.500000 1.769e-13 
1420.500000 1.765e-13 
1421.500000 1.761e-13 
1422.500000 1.758e-13 
1423.500000 1.754e-13 
1424.500000 1.751e-13 
1425.500000 1.747e-13 
1426.500000 1.744e-13 
1427.500000 1.74e-13 
1428.500000 1.737e-13 
1429.500000 1.733e-13 
1430.500000 1.73e-13 
1431.500000 1.726e-13 
1432.500000 1.723e-13 
1433.500000 1.719e-13 
1434.500000 1.716e-13 
1435.500000 1.712e-13 
1436.500000 1.709e-13 
1437.500000 1.706e-13 
1438.500000 1.702e-13 
1439.500000 1.699e-13 
1440.500000 1.695e-13 
1441.500000 1.692e-13 
1442.500000 1.689e-13 
1443.500000 1.685e-13 
1444.500000 1.682e-13 
1445.500000 1.679e-13 
1446.500000 1.675e-13 
1447.500000 1.672e-13 
1448.500000 1.669e-13 
1449.500000 1.665e-13 
1450.500000 1.662e-13 
1451.500000 1.659e-13 
1452.500000 1.656e-13 
1453.500000 1.652e-13 
1454.500000 1.649e-13 
1455.500000 1.646e-13 
1456.500000 1.643e-13 
1457.500000 1.639e-13 
1458.500000 1.636e-13 
1459.500000 1.633e-13 
1460.500000 1.63e-13 
1461.500000 1.627e-13 
1462.500000 1.623e-13 
1463.500000 1.62e-13 
1464.500000 1.617e-13 
1465.500000 1.614e-13 
1466.500000 1.611e-13 
1467.500000 1.608e-13 
1468.500000 1.604e-13 
1469.500000 1.601e-13 
1470.500000 1.598e-13 
1471.500000 1.595e-13 
1472.500000 1.592e-13 
1473.500000 1.589e-13 
1474.500000 1.586e-13 
1475.500000 1.583e-13 
1476.500000 1.58e-13 
1477.500000 1.577e-13 
1478.500000 1.574e-13 
1479.500000 1.571e-13 
1480.500000 1.568e-13 
1481.500000 1.565e-13 
1482.500000 1.562e-13 
1483.500000 1.559e-13 
1484.500000 1.556e-13 
1485.500000 1.553e-13 
1486.500000 1.55e-13 
1487.500000 1.547e-13 
1488.500000 1.544e-13 
1489.500000 1.541e-13 
1490.500000 1.538e-13 
1491.500000 1.535e-13 
1492.500000 1.532e-13 
1493.500000 1.529e-13 
1494.500000 1.526e-13 
1495.500000 1.523e-13 
1496.500000 1.521e-13 
1497.500000 1.518e-13 
1498.500000 1.515e-13 
1499.500000 1.512e-13 
1500.500000 1.509e-13 
1501.500000 1.506e-13 
1502.500000 1.503e-13 
1503.500000 1.501e-13 
1504.500000 1.498e-13 
1505.500000 1.495e-13 
1506.500000 1.492e-13 
1507.500000 1.489e-13 
1508.500000 1.487e-13 
1509.500000 1.484e-13 
1510.500000 1.481e-13 
1511.500000 1.478e-13 
1512.500000 1.475e-13 
1513.500000 1.473e-13 
1514.500000 1.47e-13 
1515.500000 1.467e-13 
1516.500000 1.464e-13 
1517.500000 1.462e-13 
1518.500000 1.459e-13 
1519.500000 1.456e-13 
1520.500000 1.454e-13 
1521.500000 1.451e-13 
1522.500000 1.448e-13 
1523.500000 1.446e-13 
1524.500000 1.443e-13 
1525.500000 1.44e-13 
1526.500000 1.438e-13 
1527.500000 1.435e-13 
1528.500000 1.432e-13 
1529.500000 1.43e-13 
1530.500000 1.427e-13 
1531.500000 1.424e-13 
1532.500000 1.422e-13 
1533.500000 1.419e-13 
1534.500000 1.416e-13 
1535.500000 1.414e-13 
1536.500000 1.411e-13 
1537.500000 1.409e-13 
1538.500000 1.406e-13 
1539.500000 1.404e-13 
1540.500000 1.401e-13 
1541.500000 1.398e-13 
1542.500000 1.396e-13 
1543.500000 1.393e-13 
1544.500000 1.391e-13 
1545.500000 1.388e-13 
1546.500000 1.386e-13 
1547.500000 1.383e-13 
1548.500000 1.381e-13 
1549.500000 1.378e-13 
1550.500000 1.376e-13 
1551.500000 1.373e-13 
1552.500000 1.371e-13 
1553.500000 1.368e-13 
1554.500000 1.366e-13 
1555.500000 1.363e-13 
1556.500000 1.361e-13 
1557.500000 1.358e-13 
1558.500000 1.356e-13 
1559.500000 1.353e-13 
1560.500000 1.351e-13 
1561.500000 1.349e-13 
1562.500000 1.346e-13 
1563.500000 1.344e-13 
1564.500000 1.341e-13 
1565.500000 1.339e-13 
1566.500000 1.337e-13 
1567.500000 1.334e-13 
1568.500000 1.332e-13 
1569.500000 1.329e-13 
1570.500000 1.327e-13 
1571.500000 1.325e-13 
1572.500000 1.322e-13 
1573.500000 1.32e-13 
1574.500000 1.318e-13 
1575.500000 1.315e-13 
1576.500000 1.313e-13 
1577.500000 1.311e-13 
1578.500000 1.308e-13 
1579.500000 1.306e-13 
1580.500000 1.304e-13 
1581.500000 1.301e-13 
1582.500000 1.299e-13 
1583.500000 1.297e-13 
1584.500000 1.294e-13 
1585.500000 1.292e-13 
1586.500000 1.29e-13 
1587.500000 1.288e-13 
1588.500000 1.285e-13 
1589.500000 1.283e-13 
1590.500000 1.281e-13 
1591.500000 1.278e-13 
1592.500000 1.276e-13 
1593.500000 1.274e-13 
1594.500000 1.272e-13 
1595.500000 1.269e-13 
1596.500000 1.267e-13 
1597.500000 1.265e-13 
1598.500000 1.263e-13 
1599.500000 1.261e-13 
1600.500000 1.258e-13 
1601.500000 1.256e-13 
1602.500000 1.254e-13 
1603.500000 1.252e-13 
1604.500000 1.25e-13 
1605.500000 1.247e-13 
1606.500000 1.245e-13 
1607.500000 1.243e-13 
1608.500000 1.241e-13 
1609.500000 1.239e-13 
1610.500000 1.237e-13 
1611.500000 1.235e-13 
1612.500000 1.232e-13 
1613.500000 1.23e-13 
1614.500000 1.228e-13 
1615.500000 1.226e-13 
1616.500000 1.224e-13 
1617.500000 1.222e-13 
1618.500000 1.22e-13 
1619.500000 1.218e-13 
1620.500000 1.215e-13 
1621.500000 1.213e-13 
1622.500000 1.211e-13 
1623.500000 1.209e-13 
1624.500000 1.207e-13 
1625.500000 1.205e-13 
1626.500000 1.203e-13 
1627.500000 1.201e-13 
1628.500000 1.199e-13 
1629.500000 1.197e-13 
1630.500000 1.195e-13 
1631.500000 1.193e-13 
1632.500000 1.191e-13 
1633.500000 1.189e-13 
1634.500000 1.187e-13 
1635.500000 1.185e-13 
1636.500000 1.182e-13 
1637.500000 1.18e-13 
1638.500000 1.178e-13 
1639.500000 1.176e-13 
1640.500000 1.174e-13 
1641.500000 1.172e-13 
1642.500000 1.17e-13 
1643.500000 1.168e-13 
1644.500000 1.166e-13 
1645.500000 1.164e-13 
1646.500000 1.163e-13 
1647.500000 1.161e-13 
1648.500000 1.159e-13 
1649.500000 1.157e-13 
1650.500000 1.155e-13 
1651.500000 1.153e-13 
1652.500000 1.151e-13 
1653.500000 1.149e-13 
1654.500000 1.147e-13 
1655.500000 1.145e-13 
1656.500000 1.143e-13 
1657.500000 1.141e-13 
1658.500000 1.139e-13 
1659.500000 1.137e-13 
1660.500000 1.135e-13 
1661.500000 1.133e-13 
1662.500000 1.132e-13 
1663.500000 1.13e-13 
1664.500000 1.128e-13 
1665.500000 1.126e-13 
1666.500000 1.124e-13 
1667.500000 1.122e-13 
1668.500000 1.12e-13 
1669.500000 1.118e-13 
1670.500000 1.116e-13 
1671.500000 1.115e-13 
1672.500000 1.113e-13 
1673.500000 1.111e-13 
1674.500000 1.109e-13 
1675.500000 1.107e-13 
1676.500000 1.105e-13 
1677.500000 1.104e-13 
1678.500000 1.102e-13 
1679.500000 1.1e-13 
1680.500000 1.098e-13 
1681.500000 1.096e-13 
1682.500000 1.094e-13 
1683.500000 1.093e-13 
1684.500000 1.091e-13 
1685.500000 1.089e-13 
1686.500000 1.087e-13 
1687.500000 1.085e-13 
1688.500000 1.084e-13 
1689.500000 1.082e-13 
1690.500000 1.08e-13 
1691.500000 1.078e-13 
1692.500000 1.076e-13 
1693.500000 1.075e-13 
1694.500000 1.073e-13 
1695.500000 1.071e-13 
1696.500000 1.069e-13 
1697.500000 1.068e-13 
1698.500000 1.066e-13 
1699.500000 1.064e-13 
1700.500000 1.062e-13 
1701.500000 1.061e-13 
1702.500000 1.059e-13 
1703.500000 1.057e-13 
1704.500000 1.055e-13 
1705.500000 1.054e-13 
1706.500000 1.052e-13 
1707.500000 1.05e-13 
1708.500000 1.049e-13 
1709.500000 1.047e-13 
1710.500000 1.045e-13 
1711.500000 1.043e-13 
1712.500000 1.042e-13 
1713.500000 1.04e-13 
1714.500000 1.038e-13 
1715.500000 1.037e-13 
1716.500000 1.035e-13 
1717.500000 1.033e-13 
1718.500000 1.032e-13 
1719.500000 1.03e-13 
1720.500000 1.028e-13 
1721.500000 1.027e-13 
1722.500000 1.025e-13 
1723.500000 1.023e-13 
1724.500000 1.022e-13 
1725.500000 1.02e-13 
1726.500000 1.018e-13 
1727.500000 1.017e-13 
1728.500000 1.015e-13 
1729.500000 1.013e-13 
1730.500000 1.012e-13 
1731.500000 1.01e-13 
1732.500000 1.008e-13 
1733.500000 1.007e-13 
1734.500000 1.005e-13 
1735.500000 1.004e-13 
1736.500000 1.002e-13 
1737.500000 1e-13 
1738.500000 9.988e-14 
1739.500000 9.972e-14 
1740.500000 9.956e-14 
1741.500000 9.94e-14 
1742.500000 9.924e-14 
1743.500000 9.908e-14 
1744.500000 9.892e-14 
1745.500000 9.876e-14 
1746.500000 9.861e-14 
1747.500000 9.845e-14 
1748.500000 9.829e-14 
1749.500000 9.813e-14 
1750.500000 9.798e-14 
1751.500000 9.782e-14 
1752.500000 9.767e-14 
1753.500000 9.751e-14 
1754.500000 9.736e-14 
1755.500000 9.72e-14 
1756.500000 9.705e-14 
1757.500000 9.689e-14 
1758.500000 9.674e-14 
1759.500000 9.659e-14 
1760.500000 9.643e-14 
1761.500000 9.628e-14 
1762.500000 9.613e-14 
1763.500000 9.597e-14 
1764.500000 9.582e-14 
1765.500000 9.567e-14 
1766.500000 9.552e-14 
1767.500000 9.537e-14 
1768.500000 9.522e-14 
1769.500000 9.507e-14 
1770.500000 9.492e-14 
1771.500000 9.477e-14 
1772.500000 9.462e-14 
1773.500000 9.447e-14 
1774.500000 9.432e-14 
1775.500000 9.417e-14 
1776.500000 9.403e-14 
1777.500000 9.388e-14 
1778.500000 9.373e-14 
1779.500000 9.358e-14 
1780.500000 9.344e-14 
1781.500000 9.329e-14 
1782.500000 9.314e-14 
1783.500000 9.3e-14 
1784.500000 9.285e-14 
1785.500000 9.271e-14 
1786.500000 9.256e-14 
1787.500000 9.242e-14 
1788.500000 9.227e-14 
1789.500000 9.213e-14 
1790.500000 9.199e-14 
1791.500000 9.184e-14 
1792.500000 9.17e-14 
1793.500000 9.156e-14 
1794.500000 9.141e-14 
1795.500000 9.127e-14 
1796.500000 9.113e-14 
1797.500000 9.099e-14 
1798.500000 9.085e-14 
1799.500000 9.071e-14 
1800.500000 9.057e-14 
1801.500000 9.043e-14 
1802.500000 9.028e-14 
1803.500000 9.015e-14 
1804.500000 9.001e-14 
1805.500000 8.987e-14 
1806.500000 8.973e-14 
1807.500000 8.959e-14 
1808.500000 8.945e-14 
1809.500000 8.931e-14 
1810.500000 8.917e-14 
1811.500000 8.904e-14 
1812.500000 8.89e-14 
1813.500000 8.876e-14 
1814.500000 8.863e-14 
1815.500000 8.849e-14 
1816.500000 8.835e-14 
1817.500000 8.822e-14 
1818.500000 8.808e-14 
1819.500000 8.795e-14 
1820.500000 8.781e-14 
1821.500000 8.768e-14 
1822.500000 8.754e-14 
1823.500000 8.741e-14 
1824.500000 8.727e-14 
1825.500000 8.714e-14 
1826.500000 8.701e-14 
1827.500000 8.687e-14 
1828.500000 8.674e-14 
1829.500000 8.661e-14 
1830.500000 8.648e-14 
1831.500000 8.634e-14 
1832.500000 8.621e-14 
1833.500000 8.608e-14 
1834.500000 8.595e-14 
1835.500000 8.582e-14 
1836.500000 8.569e-14 
1837.500000 8.556e-14 
1838.500000 8.543e-14 
1839.500000 8.53e-14 
1840.500000 8.517e-14 
1841.500000 8.504e-14 
1842.500000 8.491e-14 
1843.500000 8.478e-14 
1844.500000 8.465e-14 
1845.500000 8.452e-14 
1846.500000 8.44e-14 
1847.500000 8.427e-14 
1848.500000 8.414e-14 
1849.500000 8.401e-14 
1850.500000 8.389e-14 
1851.500000 8.376e-14 
1852.500000 8.363e-14 
1853.500000 8.351e-14 
1854.500000 8.338e-14 
1855.500000 8.326e-14 
1856.500000 8.313e-14 
1857.500000 8.3e-14 
1858.500000 8.288e-14 
1859.500000 8.275e-14 
1860.500000 8.263e-14 
1861.500000 8.251e-14 
1862.500000 8.238e-14 
1863.500000 8.226e-14 
1864.500000 8.213e-14 
1865.500000 8.201e-14 
1866.500000 8.189e-14 
1867.500000 8.177e-14 
1868.500000 8.164e-14 
1869.500000 8.152e-14 
1870.500000 8.14e-14 
1871.500000 8.128e-14 
1872.500000 8.116e-14 
1873.500000 8.103e-14 
1874.500000 8.091e-14 
1875.500000 8.079e-14 
1876.500000 8.067e-14 
1877.500000 8.055e-14 
1878.500000 8.043e-14 
1879.500000 8.031e-14 
1880.500000 8.019e-14 
1881.500000 8.007e-14 
1882.500000 7.995e-14 
1883.500000 7.984e-14 
1884.500000 7.972e-14 
1885.500000 7.96e-14 
1886.500000 7.948e-14 
1887.500000 7.936e-14 
1888.500000 7.924e-14 
1889.500000 7.913e-14 
1890.500000 7.901e-14 
1891.500000 7.889e-14 
1892.500000 7.878e-14 
1893.500000 7.866e-14 
1894.500000 7.854e-14 
1895.500000 7.843e-14 
1896.500000 7.831e-14 
1897.500000 7.82e-14 
1898.500000 7.808e-14 
1899.500000 7.796e-14 
1900.500000 7.785e-14 
1901.500000 7.773e-14 
1902.500000 7.762e-14 
1903.500000 7.751e-14 
1904.500000 7.739e-14 
1905.500000 7.728e-14 
1906.500000 7.716e-14 
1907.500000 7.705e-14 
1908.500000 7.694e-14 
1909.500000 7.682e-14 
1910.500000 7.671e-14 
1911.500000 7.66e-14 
1912.500000 7.649e-14 
1913.500000 7.638e-14 
1914.500000 7.626e-14 
1915.500000 7.615e-14 
1916.500000 7.604e-14 
1917.500000 7.593e-14 
1918.500000 7.582e-14 
1919.500000 7.571e-14 
1920.500000 7.56e-14 
1921.500000 7.549e-14 
1922.500000 7.538e-14 
1923.500000 7.527e-14 
1924.500000 7.516e-14 
1925.500000 7.505e-14 
1926.500000 7.494e-14 
1927.500000 7.483e-14 
1928.500000 7.472e-14 
1929.500000 7.461e-14 
1930.500000 7.45e-14 
1931.500000 7.44e-14 
1932.500000 7.429e-14 
1933.500000 7.418e-14 
1934.500000 7.407e-14 
1935.500000 7.396e-14 
1936.500000 7.386e-14 
1937.500000 7.375e-14 
1938.500000 7.364e-14 
1939.500000 7.354e-14 
1940.500000 7.343e-14 
1941.500000 7.332e-14 
1942.500000 7.322e-14 
1943.500000 7.311e-14 
1944.500000 7.301e-14 
1945.500000 7.29e-14 
1946.500000 7.28e-14 
1947.500000 7.269e-14 
1948.500000 7.259e-14 
1949.500000 7.248e-14 
1950.500000 7.238e-14 
1951.500000 7.227e-14 
1952.500000 7.217e-14 
1953.500000 7.207e-14 
1954.500000 7.196e-14 
1955.500000 7.186e-14 
1956.500000 7.176e-14 
1957.500000 7.165e-14 
1958.500000 7.155e-14 
1959.500000 7.145e-14 
1960.500000 7.135e-14 
1961.500000 7.124e-14 
1962.500000 7.114e-14 
1963.500000 7.104e-14 
1964.500000 7.094e-14 
1965.500000 7.084e-14 
1966.500000 7.074e-14 
1967.500000 7.063e-14 
1968.500000 7.053e-14 
1969.500000 7.043e-14 
1970.500000 7.033e-14 
1971.500000 7.023e-14 
1972.500000 7.013e-14 
1973.500000 7.003e-14 
1974.500000 6.993e-14 
1975.500000 6.983e-14 
1976.500000 6.973e-14 
1977.500000 6.964e-14 
1978.500000 6.954e-14 
1979.500000 6.944e-14 
1980.500000 6.934e-14 
1981.500000 6.924e-14 
1982.500000 6.914e-14 
1983.500000 6.904e-14 
1984.500000 6.895e-14 
1985.500000 6.885e-14 
1986.500000 6.875e-14 
1987.500000 6.865e-14 
1988.500000 6.856e-14 
1989.500000 6.846e-14 
1990.500000 6.836e-14 
1991.500000 6.827e-14 
1992.500000 6.817e-14 
1993.500000 6.808e-14 
1994.500000 6.798e-14 
1995.500000 6.788e-14 
1996.500000 6.779e-14 
1997.500000 6.769e-14 
1998.500000 6.76e-14 
1999.500000 6.75e-14 
2000.500000 6.741e-14 
2001.500000 6.731e-14 
2002.500000 6.722e-14 
2003.500000 6.712e-14 
2004.500000 6.703e-14 
2005.500000 6.694e-14 
2006.500000 6.684e-14 
2007.500000 6.675e-14 
2008.500000 6.665e-14 
2009.500000 6.656e-14 
2010.500000 6.647e-14 
2011.500000 6.638e-14 
2012.500000 6.628e-14 
2013.500000 6.619e-14 
2014.500000 6.61e-14 
2015.500000 6.601e-14 
2016.500000 6.591e-14 
2017.500000 6.582e-14 
2018.500000 6.573e-14 
2019.500000 6.564e-14 
2020.500000 6.555e-14 
2021.500000 6.546e-14 
2022.500000 6.536e-14 
2023.500000 6.527e-14 
2024.500000 6.518e-14 
2025.500000 6.509e-14 
2026.500000 6.5e-14 
2027.500000 6.491e-14 
2028.500000 6.482e-14 
2029.500000 6.473e-14 
2030.500000 6.464e-14 
2031.500000 6.455e-14 
2032.500000 6.446e-14 
2033.500000 6.437e-14 
2034.500000 6.428e-14 
2035.500000 6.42e-14 
2036.500000 6.411e-14 
2037.500000 6.402e-14 
2038.500000 6.393e-14 
2039.500000 6.384e-14 
2040.500000 6.375e-14 
2041.500000 6.367e-14 
2042.500000 6.358e-14 
2043.500000 6.349e-14 
2044.500000 6.34e-14 
2045.500000 6.332e-14 
2046.500000 6.323e-14 
2047.500000 6.314e-14 
2048.500000 6.305e-14 
2049.500000 6.297e-14 
2050.500000 6.288e-14 
2051.500000 6.279e-14 
2052.500000 6.271e-14 
2053.500000 6.262e-14 
2054.500000 6.254e-14 
2055.500000 6.245e-14 
2056.500000 6.237e-14 
2057.500000 6.228e-14 
2058.500000 6.219e-14 
2059.500000 6.211e-14 
2060.500000 6.202e-14 
2061.500000 6.194e-14 
2062.500000 6.186e-14 
2063.500000 6.177e-14 
2064.500000 6.169e-14 
2065.500000 6.16e-14 
2066.500000 6.152e-14 
2067.500000 6.143e-14 
2068.500000 6.135e-14 
2069.500000 6.127e-14 
2070.500000 6.118e-14 
2071.500000 6.11e-14 
2072.500000 6.102e-14 
2073.500000 6.093e-14 
2074.500000 6.085e-14 
2075.500000 6.077e-14 
2076.500000 6.069e-14 
2077.500000 6.06e-14 
2078.500000 6.052e-14 
2079.500000 6.044e-14 
2080.500000 6.036e-14 
2081.500000 6.028e-14 
2082.500000 6.02e-14 
2083.500000 6.011e-14 
2084.500000 6.003e-14 
2085.500000 5.995e-14 
2086.500000 5.987e-14 
2087.500000 5.979e-14 
2088.500000 5.971e-14 
2089.500000 5.963e-14 
2090.500000 5.955e-14 
2091.500000 5.947e-14 
2092.500000 5.939e-14 
2093.500000 5.931e-14 
2094.500000 5.923e-14 
2095.500000 5.915e-14 
2096.500000 5.907e-14 
2097.500000 5.899e-14 
2098.500000 5.891e-14 
2099.500000 5.883e-14 
2100.500000 5.875e-14 
2101.500000 5.867e-14 
2102.500000 5.859e-14 
2103.500000 5.852e-14 
2104.500000 5.844e-14 
2105.500000 5.836e-14 
2106.500000 5.828e-14 
2107.500000 5.82e-14 
2108.500000 5.812e-14 
2109.500000 5.805e-14 
2110.500000 5.797e-14 
2111.500000 5.789e-14 
2112.500000 5.781e-14 
2113.500000 5.774e-14 
2114.500000 5.766e-14 
2115.500000 5.758e-14 
2116.500000 5.751e-14 
2117.500000 5.743e-14 
2118.500000 5.735e-14 
2119.500000 5.728e-14 
2120.500000 5.72e-14 
2121.500000 5.713e-14 
2122.500000 5.705e-14 
2123.500000 5.697e-14 
2124.500000 5.69e-14 
2125.500000 5.682e-14 
2126.500000 5.675e-14 
2127.500000 5.667e-14 
2128.500000 5.66e-14 
2129.500000 5.652e-14 
2130.500000 5.645e-14 
2131.500000 5.637e-14 
2132.500000 5.63e-14 
2133.500000 5.622e-14 
2134.500000 5.615e-14 
2135.500000 5.607e-14 
2136.500000 5.6e-14 
2137.500000 5.593e-14 
2138.500000 5.585e-14 
2139.500000 5.578e-14 
2140.500000 5.571e-14 
2141.500000 5.563e-14 
2142.500000 5.556e-14 
2143.500000 5.549e-14 
2144.500000 5.541e-14 
2145.500000 5.534e-14 
2146.500000 5.527e-14 
2147.500000 5.519e-14 
2148.500000 5.512e-14 
2149.500000 5.505e-14 
2150.500000 5.498e-14 
2151.500000 5.49e-14 
2152.500000 5.483e-14 
2153.500000 5.476e-14 
2154.500000 5.469e-14 
2155.500000 5.462e-14 
2156.500000 5.455e-14 
2157.500000 5.447e-14 
2158.500000 5.44e-14 
2159.500000 5.433e-14 
2160.500000 5.426e-14 
2161.500000 5.419e-14 
2162.500000 5.412e-14 
2163.500000 5.405e-14 
2164.500000 5.398e-14 
2165.500000 5.391e-14 
2166.500000 5.384e-14 
2167.500000 5.377e-14 
2168.500000 5.37e-14 
2169.500000 5.363e-14 
2170.500000 5.356e-14 
2171.500000 5.349e-14 
2172.500000 5.342e-14 
2173.500000 5.335e-14 
2174.500000 5.328e-14 
2175.500000 5.321e-14 
2176.500000 5.314e-14 
2177.500000 5.307e-14 
2178.500000 5.3e-14 
2179.500000 5.294e-14 
2180.500000 5.287e-14 
2181.500000 5.28e-14 
2182.500000 5.273e-14 
2183.500000 5.266e-14 
2184.500000 5.259e-14 
2185.500000 5.253e-14 
2186.500000 5.246e-14 
2187.500000 5.239e-14 
2188.500000 5.232e-14 
2189.500000 5.226e-14 
2190.500000 5.219e-14 
2191.500000 5.212e-14 
2192.500000 5.205e-14 
2193.500000 5.199e-14 
2194.500000 5.192e-14 
2195.500000 5.185e-14 
2196.500000 5.179e-14 
2197.500000 5.172e-14 
2198.500000 5.165e-14 
2199.500000 5.159e-14 
2200.500000 5.152e-14 
2201.500000 5.145e-14 
2202.500000 5.139e-14 
2203.500000 5.132e-14 
2204.500000 5.126e-14 
2205.500000 5.119e-14 
2206.500000 5.113e-14 
2207.500000 5.106e-14 
2208.500000 5.099e-14 
2209.500000 5.093e-14 
2210.500000 5.086e-14 
2211.500000 5.08e-14 
2212.500000 5.073e-14 
2213.500000 5.067e-14 
2214.500000 5.061e-14 
2215.500000 5.054e-14 
2216.500000 5.048e-14 
2217.500000 5.041e-14 
2218.500000 5.035e-14 
2219.500000 5.028e-14 
2220.500000 5.022e-14 
2221.500000 5.016e-14 
2222.500000 5.009e-14 
2223.500000 5.003e-14 
2224.500000 4.997e-14 
2225.500000 4.99e-14 
2226.500000 4.984e-14 
2227.500000 4.978e-14 
2228.500000 4.971e-14 
2229.500000 4.965e-14 
2230.500000 4.959e-14 
2231.500000 4.952e-14 
2232.500000 4.946e-14 
2233.500000 4.94e-14 
2234.500000 4.934e-14 
2235.500000 4.927e-14 
2236.500000 4.921e-14 
2237.500000 4.915e-14 
2238.500000 4.909e-14 
2239.500000 4.902e-14 
2240.500000 4.896e-14 
2241.500000 4.89e-14 
2242.500000 4.884e-14 
2243.500000 4.878e-14 
2244.500000 4.872e-14 
2245.500000 4.866e-14 
2246.500000 4.859e-14 
2247.500000 4.853e-14 
2248.500000 4.847e-14 
2249.500000 4.841e-14 
2250.500000 4.835e-14 
2251.500000 4.829e-14 
2252.500000 4.823e-14 
2253.500000 4.817e-14 
2254.500000 4.811e-14 
2255.500000 4.805e-14 
2256.500000 4.799e-14 
2257.500000 4.793e-14 
2258.500000 4.787e-14 
2259.500000 4.781e-14 
2260.500000 4.775e-14 
2261.500000 4.769e-14 
2262.500000 4.763e-14 
2263.500000 4.757e-14 
2264.500000 4.751e-14 
2265.500000 4.745e-14 
2266.500000 4.739e-14 
2267.500000 4.733e-14 
2268.500000 4.727e-14 
2269.500000 4.722e-14 
2270.500000 4.716e-14 
2271.500000 4.71e-14 
2272.500000 4.704e-14 
2273.500000 4.698e-14 
2274.500000 4.692e-14 
2275.500000 4.686e-14 
2276.500000 4.681e-14 
2277.500000 4.675e-14 
2278.500000 4.669e-14 
2279.500000 4.663e-14 
2280.500000 4.657e-14 
2281.500000 4.652e-14 
2282.500000 4.646e-14 
2283.500000 4.64e-14 
2284.500000 4.634e-14 
2285.500000 4.629e-14 
2286.500000 4.623e-14 
2287.500000 4.617e-14 
2288.500000 4.612e-14 
2289.500000 4.606e-14 
2290.500000 4.6e-14 
2291.500000 4.594e-14 
2292.500000 4.589e-14 
2293.500000 4.583e-14 
2294.500000 4.578e-14 
2295.500000 4.572e-14 
2296.500000 4.566e-14 
2297.500000 4.561e-14 
2298.500000 4.555e-14 
2299.500000 4.549e-14 
2300.500000 4.544e-14 
2301.500000 4.538e-14 
2302.500000 4.533e-14 
2303.500000 4.527e-14 
2304.500000 4.522e-14 
2305.500000 4.516e-14 
2306.500000 4.511e-14 
2307.500000 4.505e-14 
2308.500000 4.499e-14 
2309.500000 4.494e-14 
2310.500000 4.488e-14 
2311.500000 4.483e-14 
2312.500000 4.478e-14 
2313.500000 4.472e-14 
2314.500000 4.467e-14 
2315.500000 4.461e-14 
2316.500000 4.456e-14 
2317.500000 4.45e-14 
2318.500000 4.445e-14 
2319.500000 4.439e-14 
2320.500000 4.434e-14 
2321.500000 4.429e-14 
2322.500000 4.423e-14 
2323.500000 4.418e-14 
2324.500000 4.413e-14 
2325.500000 4.407e-14 
2326.500000 4.402e-14 
2327.500000 4.396e-14 
2328.500000 4.391e-14 
2329.500000 4.386e-14 
2330.500000 4.38e-14 
2331.500000 4.375e-14 
2332.500000 4.37e-14 
2333.500000 4.365e-14 
2334.500000 4.359e-14 
2335.500000 4.354e-14 
2336.500000 4.349e-14 
2337.500000 4.344e-14 
2338.500000 4.338e-14 
2339.500000 4.333e-14 
2340.500000 4.328e-14 
2341.500000 4.323e-14 
2342.500000 4.317e-14 
2343.500000 4.312e-14 
2344.500000 4.307e-14 
2345.500000 4.302e-14 
2346.500000 4.297e-14 
2347.500000 4.291e-14 
2348.500000 4.286e-14 
2349.500000 4.281e-14 
2350.500000 4.276e-14 
2351.500000 4.271e-14 
2352.500000 4.266e-14 
2353.500000 4.261e-14 
2354.500000 4.255e-14 
2355.500000 4.25e-14 
2356.500000 4.245e-14 
2357.500000 4.24e-14 
2358.500000 4.235e-14 
2359.500000 4.23e-14 
2360.500000 4.225e-14 
2361.500000 4.22e-14 
2362.500000 4.215e-14 
2363.500000 4.21e-14 
2364.500000 4.205e-14 
2365.500000 4.2e-14 
2366.500000 4.195e-14 
2367.500000 4.19e-14 
2368.500000 4.185e-14 
2369.500000 4.18e-14 
2370.500000 4.175e-14 
2371.500000 4.17e-14 
2372.500000 4.165e-14 
2373.500000 4.16e-14 
2374.500000 4.155e-14 
2375.500000 4.15e-14 
2376.500000 4.145e-14 
2377.500000 4.14e-14 
2378.500000 4.135e-14 
2379.500000 4.13e-14 
2380.500000 4.125e-14 
2381.500000 4.121e-14 
2382.500000 4.116e-14 
2383.500000 4.111e-14 
2384.500000 4.106e-14 
2385.500000 4.101e-14 
2386.500000 4.096e-14 
2387.500000 4.091e-14 
2388.500000 4.087e-14 
2389.500000 4.082e-14 
2390.500000 4.077e-14 
2391.500000 4.072e-14 
2392.500000 4.067e-14 
2393.500000 4.063e-14 
2394.500000 4.058e-14 
2395.500000 4.053e-14 
2396.500000 4.048e-14 
2397.500000 4.043e-14 
2398.500000 4.039e-14 
2399.500000 4.034e-14 
2400.500000 4.029e-14 
2401.500000 4.024e-14 
2402.500000 4.02e-14 
2403.500000 4.015e-14 
2404.500000 4.01e-14 
2405.500000 4.006e-14 
2406.500000 4.001e-14 
2407.500000 3.996e-14 
2408.500000 3.991e-14 
2409.500000 3.987e-14 
2410.500000 3.982e-14 
2411.500000 3.977e-14 
2412.500000 3.973e-14 
2413.500000 3.968e-14 
2414.500000 3.964e-14 
2415.500000 3.959e-14 
2416.500000 3.954e-14 
2417.500000 3.95e-14 
2418.500000 3.945e-14 
2419.500000 3.94e-14 
2420.500000 3.936e-14 
2421.500000 3.931e-14 
2422.500000 3.927e-14 
2423.500000 3.922e-14 
2424.500000 3.918e-14 
2425.500000 3.913e-14 
2426.500000 3.908e-14 
2427.500000 3.904e-14 
2428.500000 3.899e-14 
2429.500000 3.895e-14 
2430.500000 3.89e-14 
2431.500000 3.886e-14 
2432.500000 3.881e-14 
2433.500000 3.877e-14 
2434.500000 3.872e-14 
2435.500000 3.868e-14 
2436.500000 3.863e-14 
2437.500000 3.859e-14 
2438.500000 3.854e-14 
2439.500000 3.85e-14 
2440.500000 3.846e-14 
2441.500000 3.841e-14 
2442.500000 3.837e-14 
2443.500000 3.832e-14 
2444.500000 3.828e-14 
2445.500000 3.823e-14 
2446.500000 3.819e-14 
2447.500000 3.815e-14 
2448.500000 3.81e-14 
2449.500000 3.806e-14 
2450.500000 3.801e-14 
2451.500000 3.797e-14 
2452.500000 3.793e-14 
2453.500000 3.788e-14 
2454.500000 3.784e-14 
2455.500000 3.78e-14 
2456.500000 3.775e-14 
2457.500000 3.771e-14 
2458.500000 3.767e-14 
2459.500000 3.762e-14 
2460.500000 3.758e-14 
2461.500000 3.754e-14 
2462.500000 3.749e-14 
2463.500000 3.745e-14 
2464.500000 3.741e-14 
2465.500000 3.737e-14 
2466.500000 3.732e-14 
2467.500000 3.728e-14 
2468.500000 3.724e-14 
2469.500000 3.72e-14 
2470.500000 3.715e-14 
2471.500000 3.711e-14 
2472.500000 3.707e-14 
2473.500000 3.703e-14 
2474.500000 3.698e-14 
2475.500000 3.694e-14 
2476.500000 3.69e-14 
2477.500000 3.686e-14 
2478.500000 3.682e-14 
2479.500000 3.677e-14 
2480.500000 3.673e-14 
2481.500000 3.669e-14 
2482.500000 3.665e-14 
2483.500000 3.661e-14 
2484.500000 3.657e-14 
2485.500000 3.652e-14 
2486.500000 3.648e-14 
2487.500000 3.644e-14 
2488.500000 3.64e-14 
2489.500000 3.636e-14 
2490.500000 3.632e-14 
2491.500000 3.628e-14 
2492.500000 3.624e-14 
2493.500000 3.62e-14 
2494.500000 3.615e-14 
2495.500000 3.611e-14 
2496.500000 3.607e-14 
2497.500000 3.603e-14 
2498.500000 3.599e-14 
2499.500000 3.595e-14 
2500.500000 3.591e-14 
2501.500000 3.587e-14 
2502.500000 3.583e-14 
2503.500000 3.579e-14 
2504.500000 3.575e-14 
2505.500000 3.571e-14 
2506.500000 3.567e-14 
2507.500000 3.563e-14 
2508.500000 3.559e-14 
2509.500000 3.555e-14 
2510.500000 3.551e-14 
2511.500000 3.547e-14 
2512.500000 3.543e-14 
2513.500000 3.539e-14 
2514.500000 3.535e-14 
2515.500000 3.531e-14 
2516.500000 3.527e-14 
2517.500000 3.523e-14 
2518.500000 3.519e-14 
2519.500000 3.515e-14 
2520.500000 3.511e-14 
2521.500000 3.507e-14 
2522.500000 3.504e-14 
2523.500000 3.5e-14 
2524.500000 3.496e-14 
2525.500000 3.492e-14 
2526.500000 3.488e-14 
2527.500000 3.484e-14 
2528.500000 3.48e-14 
2529.500000 3.476e-14 
2530.500000 3.472e-14 
2531.500000 3.469e-14 
2532.500000 3.465e-14 
2533.500000 3.461e-14 
2534.500000 3.457e-14 
2535.500000 3.453e-14 
2536.500000 3.449e-14 
2537.500000 3.446e-14 
2538.500000 3.442e-14 
2539.500000 3.438e-14 
2540.500000 3.434e-14 
2541.500000 3.43e-14 
2542.500000 3.427e-14 
2543.500000 3.423e-14 
2544.500000 3.419e-14 
2545.500000 3.415e-14 
2546.500000 3.411e-14 
2547.500000 3.408e-14 
2548.500000 3.404e-14 
2549.500000 3.4e-14 
2550.500000 3.396e-14 
2551.500000 3.393e-14 
2552.500000 3.389e-14 
2553.500000 3.385e-14 
2554.500000 3.381e-14 
2555.500000 3.378e-14 
2556.500000 3.374e-14 
2557.500000 3.37e-14 
2558.500000 3.367e-14 
2559.500000 3.363e-14 
2560.500000 3.359e-14 
2561.500000 3.356e-14 
2562.500000 3.352e-14 
2563.500000 3.348e-14 
2564.500000 3.345e-14 
2565.500000 3.341e-14 
2566.500000 3.337e-14 
2567.500000 3.334e-14 
2568.500000 3.33e-14 
2569.500000 3.326e-14 
2570.500000 3.323e-14 
2571.500000 3.319e-14 
2572.500000 3.315e-14 
2573.500000 3.312e-14 
2574.500000 3.308e-14 
2575.500000 3.305e-14 
2576.500000 3.301e-14 
2577.500000 3.297e-14 
2578.500000 3.294e-14 
2579.500000 3.29e-14 
2580.500000 3.287e-14 
2581.500000 3.283e-14 
2582.500000 3.279e-14 
2583.500000 3.276e-14 
2584.500000 3.272e-14 
2585.500000 3.269e-14 
2586.500000 3.265e-14 
2587.500000 3.262e-14 
2588.500000 3.258e-14 
2589.500000 3.255e-14 
2590.500000 3.251e-14 
2591.500000 3.248e-14 
2592.500000 3.244e-14 
2593.500000 3.241e-14 
2594.500000 3.237e-14 
2595.500000 3.234e-14 
2596.500000 3.23e-14 
2597.500000 3.227e-14 
2598.500000 3.223e-14 
2599.500000 3.22e-14 
2600.500000 3.216e-14 
2601.500000 3.213e-14 
2602.500000 3.209e-14 
2603.500000 3.206e-14 
2604.500000 3.202e-14 
2605.500000 3.199e-14 
2606.500000 3.195e-14 
2607.500000 3.192e-14 
2608.500000 3.189e-14 
2609.500000 3.185e-14 
2610.500000 3.182e-14 
2611.500000 3.178e-14 
2612.500000 3.175e-14 
2613.500000 3.171e-14 
2614.500000 3.168e-14 
2615.500000 3.165e-14 
2616.500000 3.161e-14 
2617.500000 3.158e-14 
2618.500000 3.154e-14 
2619.500000 3.151e-14 
2620.500000 3.148e-14 
2621.500000 3.144e-14 
2622.500000 3.141e-14 
2623.500000 3.138e-14 
2624.500000 3.134e-14 
2625.500000 3.131e-14 
2626.500000 3.128e-14 
2627.500000 3.124e-14 
2628.500000 3.121e-14 
2629.500000 3.118e-14 
2630.500000 3.114e-14 
2631.500000 3.111e-14 
2632.500000 3.108e-14 
2633.500000 3.104e-14 
2634.500000 3.101e-14 
2635.500000 3.098e-14 
2636.500000 3.094e-14 
2637.500000 3.091e-14 
2638.500000 3.088e-14 
2639.500000 3.085e-14 
2640.500000 3.081e-14 
2641.500000 3.078e-14 
2642.500000 3.075e-14 
2643.500000 3.072e-14 
2644.500000 3.068e-14 
2645.500000 3.065e-14 
2646.500000 3.062e-14 
2647.500000 3.059e-14 
2648.500000 3.055e-14 
2649.500000 3.052e-14 
2650.500000 3.049e-14 
2651.500000 3.046e-14 
2652.500000 3.042e-14 
2653.500000 3.039e-14 
2654.500000 3.036e-14 
2655.500000 3.033e-14 
2656.500000 3.03e-14 
2657.500000 3.026e-14 
2658.500000 3.023e-14 
2659.500000 3.02e-14 
2660.500000 3.017e-14 
2661.500000 3.014e-14 
2662.500000 3.011e-14 
2663.500000 3.007e-14 
2664.500000 3.004e-14 
2665.500000 3.001e-14 
2666.500000 2.998e-14 
2667.500000 2.995e-14 
2668.500000 2.992e-14 
2669.500000 2.989e-14 
2670.500000 2.985e-14 
2671.500000 2.982e-14 
2672.500000 2.979e-14 
2673.500000 2.976e-14 
2674.500000 2.973e-14 
2675.500000 2.97e-14 
2676.500000 2.967e-14 
2677.500000 2.964e-14 
2678.500000 2.961e-14 
2679.500000 2.957e-14 
2680.500000 2.954e-14 
2681.500000 2.951e-14 
2682.500000 2.948e-14 
2683.500000 2.945e-14 
2684.500000 2.942e-14 
2685.500000 2.939e-14 
2686.500000 2.936e-14 
2687.500000 2.933e-14 
2688.500000 2.93e-14 
2689.500000 2.927e-14 
2690.500000 2.924e-14 
2691.500000 2.921e-14 
2692.500000 2.918e-14 
2693.500000 2.915e-14 
2694.500000 2.912e-14 
2695.500000 2.909e-14 
2696.500000 2.906e-14 
2697.500000 2.903e-14 
2698.500000 2.9e-14 
2699.500000 2.897e-14 
2700.500000 2.894e-14 
2701.500000 2.891e-14 
2702.500000 2.888e-14 
2703.500000 2.885e-14 
2704.500000 2.882e-14 
2705.500000 2.879e-14 
2706.500000 2.876e-14 
2707.500000 2.873e-14 
2708.500000 2.87e-14 
2709.500000 2.867e-14 
2710.500000 2.864e-14 
2711.500000 2.861e-14 
2712.500000 2.858e-14 
2713.500000 2.855e-14 
2714.500000 2.852e-14 
2715.500000 2.849e-14 
2716.500000 2.846e-14 
2717.500000 2.843e-14 
2718.500000 2.84e-14 
2719.500000 2.838e-14 
2720.500000 2.835e-14 
2721.500000 2.832e-14 
2722.500000 2.829e-14 
2723.500000 2.826e-14 
2724.500000 2.823e-14 
2725.500000 2.82e-14 
2726.500000 2.817e-14 
2727.500000 2.814e-14 
2728.500000 2.811e-14 
2729.500000 2.809e-14 
2730.500000 2.806e-14 
2731.500000 2.803e-14 
2732.500000 2.8e-14 
2733.500000 2.797e-14 
2734.500000 2.794e-14 
2735.500000 2.791e-14 
2736.500000 2.789e-14 
2737.500000 2.786e-14 
2738.500000 2.783e-14 
2739.500000 2.78e-14 
2740.500000 2.777e-14 
2741.500000 2.774e-14 
2742.500000 2.772e-14 
2743.500000 2.769e-14 
2744.500000 2.766e-14 
2745.500000 2.763e-14 
2746.500000 2.76e-14 
2747.500000 2.758e-14 
2748.500000 2.755e-14 
2749.500000 2.752e-14 
2750.500000 2.749e-14 
2751.500000 2.746e-14 
2752.500000 2.744e-14 
2753.500000 2.741e-14 
2754.500000 2.738e-14 
2755.500000 2.735e-14 
2756.500000 2.733e-14 
2757.500000 2.73e-14 
2758.500000 2.727e-14 
2759.500000 2.724e-14 
2760.500000 2.722e-14 
2761.500000 2.719e-14 
2762.500000 2.716e-14 
2763.500000 2.713e-14 
2764.500000 2.711e-14 
2765.500000 2.708e-14 
2766.500000 2.705e-14 
2767.500000 2.702e-14 
2768.500000 2.7e-14 
2769.500000 2.697e-14 
2770.500000 2.694e-14 
2771.500000 2.692e-14 
2772.500000 2.689e-14 
2773.500000 2.686e-14 
2774.500000 2.684e-14 
2775.500000 2.681e-14 
2776.500000 2.678e-14 
2777.500000 2.675e-14 
2778.500000 2.673e-14 
2779.500000 2.67e-14 
2780.500000 2.667e-14 
2781.500000 2.665e-14 
2782.500000 2.662e-14 
2783.500000 2.659e-14 
2784.500000 2.657e-14 
2785.500000 2.654e-14 
2786.500000 2.651e-14 
2787.500000 2.649e-14 
2788.500000 2.646e-14 
2789.500000 2.644e-14 
2790.500000 2.641e-14 
2791.500000 2.638e-14 
2792.500000 2.636e-14 
2793.500000 2.633e-14 
2794.500000 2.63e-14 
2795.500000 2.628e-14 
2796.500000 2.625e-14 
2797.500000 2.623e-14 
2798.500000 2.62e-14 
2799.500000 2.617e-14 
2800.500000 2.615e-14 
2801.500000 2.612e-14 
2802.500000 2.61e-14 
2803.500000 2.607e-14 
2804.500000 2.604e-14 
2805.500000 2.602e-14 
2806.500000 2.599e-14 
2807.500000 2.597e-14 
2808.500000 2.594e-14 
2809.500000 2.592e-14 
2810.500000 2.589e-14 
2811.500000 2.586e-14 
2812.500000 2.584e-14 
2813.500000 2.581e-14 
2814.500000 2.579e-14 
2815.500000 2.576e-14 
2816.500000 2.574e-14 
2817.500000 2.571e-14 
2818.500000 2.569e-14 
2819.500000 2.566e-14 
2820.500000 2.564e-14 
2821.500000 2.561e-14 
2822.500000 2.559e-14 
2823.500000 2.556e-14 
2824.500000 2.554e-14 
2825.500000 2.551e-14 
2826.500000 2.549e-14 
2827.500000 2.546e-14 
2828.500000 2.544e-14 
2829.500000 2.541e-14 
2830.500000 2.539e-14 
2831.500000 2.536e-14 
2832.500000 2.534e-14 
2833.500000 2.531e-14 
2834.500000 2.529e-14 
2835.500000 2.526e-14 
2836.500000 2.524e-14 
2837.500000 2.521e-14 
2838.500000 2.519e-14 
2839.500000 2.516e-14 
2840.500000 2.514e-14 
2841.500000 2.511e-14 
2842.500000 2.509e-14 
2843.500000 2.507e-14 
2844.500000 2.504e-14 
2845.500000 2.502e-14 
2846.500000 2.499e-14 
2847.500000 2.497e-14 
2848.500000 2.494e-14 
2849.500000 2.492e-14 
2850.500000 2.49e-14 
2851.500000 2.487e-14 
2852.500000 2.485e-14 
2853.500000 2.482e-14 
2854.500000 2.48e-14 
2855.500000 2.477e-14 
2856.500000 2.475e-14 
2857.500000 2.473e-14 
2858.500000 2.47e-14 
2859.500000 2.468e-14 
2860.500000 2.465e-14 
2861.500000 2.463e-14 
2862.500000 2.461e-14 
2863.500000 2.458e-14 
2864.500000 2.456e-14 
2865.500000 2.454e-14 
2866.500000 2.451e-14 
2867.500000 2.449e-14 
2868.500000 2.447e-14 
2869.500000 2.444e-14 
2870.500000 2.442e-14 
2871.500000 2.439e-14 
2872.500000 2.437e-14 
2873.500000 2.435e-14 
2874.500000 2.432e-14 
2875.500000 2.43e-14 
2876.500000 2.428e-14 
2877.500000 2.425e-14 
2878.500000 2.423e-14 
2879.500000 2.421e-14 
2880.500000 2.418e-14 
2881.500000 2.416e-14 
2882.500000 2.414e-14 
2883.500000 2.411e-14 
2884.500000 2.409e-14 
2885.500000 2.407e-14 
2886.500000 2.405e-14 
2887.500000 2.402e-14 
2888.500000 2.4e-14 
2889.500000 2.398e-14 
2890.500000 2.395e-14 
2891.500000 2.393e-14 
2892.500000 2.391e-14 
2893.500000 2.388e-14 
2894.500000 2.386e-14 
2895.500000 2.384e-14 
2896.500000 2.382e-14 
2897.500000 2.379e-14 
2898.500000 2.377e-14 
2899.500000 2.375e-14 
2900.500000 2.373e-14 
2901.500000 2.37e-14 
2902.500000 2.368e-14 
2903.500000 2.366e-14 
2904.500000 2.364e-14 
2905.500000 2.361e-14 
2906.500000 2.359e-14 
2907.500000 2.357e-14 
2908.500000 2.355e-14 
2909.500000 2.352e-14 
2910.500000 2.35e-14 
2911.500000 2.348e-14 
2912.500000 2.346e-14 
2913.500000 2.343e-14 
2914.500000 2.341e-14 
2915.500000 2.339e-14 
2916.500000 2.337e-14 
2917.500000 2.335e-14 
2918.500000 2.332e-14 
2919.500000 2.33e-14 
2920.500000 2.328e-14 
2921.500000 2.326e-14 
2922.500000 2.324e-14 
2923.500000 2.321e-14 
2924.500000 2.319e-14 
2925.500000 2.317e-14 
2926.500000 2.315e-14 
2927.500000 2.313e-14 
2928.500000 2.311e-14 
2929.500000 2.308e-14 
2930.500000 2.306e-14 
2931.500000 2.304e-14 
2932.500000 2.302e-14 
2933.500000 2.3e-14 
2934.500000 2.298e-14 
2935.500000 2.295e-14 
2936.500000 2.293e-14 
2937.500000 2.291e-14 
2938.500000 2.289e-14 
2939.500000 2.287e-14 
2940.500000 2.285e-14 
2941.500000 2.283e-14 
2942.500000 2.28e-14 
2943.500000 2.278e-14 
2944.500000 2.276e-14 
2945.500000 2.274e-14 
2946.500000 2.272e-14 
2947.500000 2.27e-14 
2948.500000 2.268e-14 
2949.500000 2.265e-14 
2950.500000 2.263e-14 
2951.500000 2.261e-14 
2952.500000 2.259e-14 
2953.500000 2.257e-14 
2954.500000 2.255e-14 
2955.500000 2.253e-14 
2956.500000 2.251e-14 
2957.500000 2.249e-14 
2958.500000 2.247e-14 
2959.500000 2.244e-14 
2960.500000 2.242e-14 
2961.500000 2.24e-14 
2962.500000 2.238e-14 
2963.500000 2.236e-14 
2964.500000 2.234e-14 
2965.500000 2.232e-14 
2966.500000 2.23e-14 
2967.500000 2.228e-14 
2968.500000 2.226e-14 
2969.500000 2.224e-14 
2970.500000 2.222e-14 
2971.500000 2.22e-14 
2972.500000 2.218e-14 
2973.500000 2.216e-14 
2974.500000 2.214e-14 
2975.500000 2.211e-14 
2976.500000 2.209e-14 
2977.500000 2.207e-14 
2978.500000 2.205e-14 
2979.500000 2.203e-14 
2980.500000 2.201e-14 
2981.500000 2.199e-14 
2982.500000 2.197e-14 
2983.500000 2.195e-14 
2984.500000 2.193e-14 
2985.500000 2.191e-14 
2986.500000 2.189e-14 
2987.500000 2.187e-14 
2988.500000 2.185e-14 
2989.500000 2.183e-14 
2990.500000 2.181e-14 
2991.500000 2.179e-14 
2992.500000 2.177e-14 
2993.500000 2.175e-14 
2994.500000 2.173e-14 
2995.500000 2.171e-14 
2996.500000 2.169e-14 
2997.500000 2.167e-14 
2998.500000 2.165e-14 
2999.500000 2.163e-14 
3000.500000 2.161e-14 
3001.500000 2.159e-14 
3002.500000 2.157e-14 
3003.500000 2.155e-14 
3004.500000 2.153e-14 
3005.500000 2.151e-14 
3006.500000 2.149e-14 
3007.500000 2.147e-14 
3008.500000 2.145e-14 
3009.500000 2.144e-14 
3010.500000 2.142e-14 
3011.500000 2.14e-14 
3012.500000 2.138e-14 
3013.500000 2.136e-14 
3014.500000 2.134e-14 
3015.500000 2.132e-14 
3016.500000 2.13e-14 
3017.500000 2.128e-14 
3018.500000 2.126e-14 
3019.500000 2.124e-14 
3020.500000 2.122e-14 
3021.500000 2.12e-14 
3022.500000 2.118e-14 
3023.500000 2.116e-14 
3024.500000 2.115e-14 
3025.500000 2.113e-14 
3026.500000 2.111e-14 
3027.500000 2.109e-14 
3028.500000 2.107e-14 
3029.500000 2.105e-14 
3030.500000 2.103e-14 
3031.500000 2.101e-14 
3032.500000 2.099e-14 
3033.500000 2.097e-14 
3034.500000 2.096e-14 
3035.500000 2.094e-14 
3036.500000 2.092e-14 
3037.500000 2.09e-14 
3038.500000 2.088e-14 
3039.500000 2.086e-14 
3040.500000 2.084e-14 
3041.500000 2.082e-14 
3042.500000 2.08e-14 
3043.500000 2.079e-14 
3044.500000 2.077e-14 
3045.500000 2.075e-14 
3046.500000 2.073e-14 
3047.500000 2.071e-14 
3048.500000 2.069e-14 
3049.500000 2.067e-14 
3050.500000 2.066e-14 
3051.500000 2.064e-14 
3052.500000 2.062e-14 
3053.500000 2.06e-14 
3054.500000 2.058e-14 
3055.500000 2.056e-14 
3056.500000 2.055e-14 
3057.500000 2.053e-14 
3058.500000 2.051e-14 
3059.500000 2.049e-14 
3060.500000 2.047e-14 
3061.500000 2.045e-14 
3062.500000 2.044e-14 
3063.500000 2.042e-14 
3064.500000 2.04e-14 
3065.500000 2.038e-14 
3066.500000 2.036e-14 
3067.500000 2.034e-14 
3068.500000 2.033e-14 
3069.500000 2.031e-14 
3070.500000 2.029e-14 
3071.500000 2.027e-14 
3072.500000 2.025e-14 
3073.500000 2.024e-14 
3074.500000 2.022e-14 
3075.500000 2.02e-14 
3076.500000 2.018e-14 
3077.500000 2.016e-14 
3078.500000 2.015e-14 
3079.500000 2.013e-14 
3080.500000 2.011e-14 
3081.500000 2.009e-14 
3082.500000 2.008e-14 
3083.500000 2.006e-14 
3084.500000 2.004e-14 
3085.500000 2.002e-14 
3086.500000 2e-14 
3087.500000 1.999e-14 
3088.500000 1.997e-14 
3089.500000 1.995e-14 
3090.500000 1.993e-14 
3091.500000 1.992e-14 
3092.500000 1.99e-14 
3093.500000 1.988e-14 
3094.500000 1.986e-14 
3095.500000 1.985e-14 
3096.500000 1.983e-14 
3097.500000 1.981e-14 
3098.500000 1.979e-14 
3099.500000 1.978e-14 
3100.500000 1.976e-14 
3101.500000 1.974e-14 
3102.500000 1.972e-14 
3103.500000 1.971e-14 
3104.500000 1.969e-14 
3105.500000 1.967e-14 
3106.500000 1.966e-14 
3107.500000 1.964e-14 
3108.500000 1.962e-14 
3109.500000 1.96e-14 
3110.500000 1.959e-14 
3111.500000 1.957e-14 
3112.500000 1.955e-14 
3113.500000 1.954e-14 
3114.500000 1.952e-14 
3115.500000 1.95e-14 
3116.500000 1.948e-14 
3117.500000 1.947e-14 
3118.500000 1.945e-14 
3119.500000 1.943e-14 
3120.500000 1.942e-14 
3121.500000 1.94e-14 
3122.500000 1.938e-14 
3123.500000 1.937e-14 
3124.500000 1.935e-14 
3125.500000 1.933e-14 
3126.500000 1.931e-14 
3127.500000 1.93e-14 
3128.500000 1.928e-14 
3129.500000 1.926e-14 
3130.500000 1.925e-14 
3131.500000 1.923e-14 
3132.500000 1.921e-14 
3133.500000 1.92e-14 
3134.500000 1.918e-14 
3135.500000 1.916e-14 
3136.500000 1.915e-14 
3137.500000 1.913e-14 
3138.500000 1.911e-14 
3139.500000 1.91e-14 
3140.500000 1.908e-14 
3141.500000 1.907e-14 
3142.500000 1.905e-14 
3143.500000 1.903e-14 
3144.500000 1.902e-14 
3145.500000 1.9e-14 
3146.500000 1.898e-14 
3147.500000 1.897e-14 
3148.500000 1.895e-14 
3149.500000 1.893e-14 
3150.500000 1.892e-14 
3151.500000 1.89e-14 
3152.500000 1.888e-14 
3153.500000 1.887e-14 
3154.500000 1.885e-14 
3155.500000 1.884e-14 
3156.500000 1.882e-14 
3157.500000 1.88e-14 
3158.500000 1.879e-14 
3159.500000 1.877e-14 
3160.500000 1.876e-14 
3161.500000 1.874e-14 
3162.500000 1.872e-14 
3163.500000 1.871e-14 
3164.500000 1.869e-14 
3165.500000 1.868e-14 
3166.500000 1.866e-14 
3167.500000 1.864e-14 
3168.500000 1.863e-14 
3169.500000 1.861e-14 
3170.500000 1.86e-14 
3171.500000 1.858e-14 
3172.500000 1.856e-14 
3173.500000 1.855e-14 
3174.500000 1.853e-14 
3175.500000 1.852e-14 
3176.500000 1.85e-14 
3177.500000 1.848e-14 
3178.500000 1.847e-14 
3179.500000 1.845e-14 
3180.500000 1.844e-14 
3181.500000 1.842e-14 
3182.500000 1.841e-14 
3183.500000 1.839e-14 
3184.500000 1.837e-14 
3185.500000 1.836e-14 
3186.500000 1.834e-14 
3187.500000 1.833e-14 
3188.500000 1.831e-14 
3189.500000 1.83e-14 
3190.500000 1.828e-14 
3191.500000 1.827e-14 
3192.500000 1.825e-14 
3193.500000 1.823e-14 
3194.500000 1.822e-14 
3195.500000 1.82e-14 
3196.500000 1.819e-14 
3197.500000 1.817e-14 
3198.500000 1.816e-14 
3199.500000 1.814e-14 
3200.500000 1.813e-14 
3201.500000 1.811e-14 
3202.500000 1.81e-14 
3203.500000 1.808e-14 
3204.500000 1.807e-14 
3205.500000 1.805e-14 
3206.500000 1.804e-14 
3207.500000 1.802e-14 
3208.500000 1.801e-14 
3209.500000 1.799e-14 
3210.500000 1.797e-14 
3211.500000 1.796e-14 
3212.500000 1.794e-14 
3213.500000 1.793e-14 
3214.500000 1.791e-14 
3215.500000 1.79e-14 
3216.500000 1.788e-14 
3217.500000 1.787e-14 
3218.500000 1.785e-14 
3219.500000 1.784e-14 
3220.500000 1.782e-14 
3221.500000 1.781e-14 
3222.500000 1.779e-14 
3223.500000 1.778e-14 
3224.500000 1.776e-14 
3225.500000 1.775e-14 
3226.500000 1.773e-14 
3227.500000 1.772e-14 
3228.500000 1.771e-14 
3229.500000 1.769e-14 
3230.500000 1.768e-14 
3231.500000 1.766e-14 
3232.500000 1.765e-14 
3233.500000 1.763e-14 
3234.500000 1.762e-14 
3235.500000 1.76e-14 
3236.500000 1.759e-14 
3237.500000 1.757e-14 
3238.500000 1.756e-14 
3239.500000 1.754e-14 
3240.500000 1.753e-14 
3241.500000 1.751e-14 
3242.500000 1.75e-14 
3243.500000 1.749e-14 
3244.500000 1.747e-14 
3245.500000 1.746e-14 
3246.500000 1.744e-14 
3247.500000 1.743e-14 
3248.500000 1.741e-14 
3249.500000 1.74e-14 
3250.500000 1.738e-14 
3251.500000 1.737e-14 
3252.500000 1.735e-14 
3253.500000 1.734e-14 
3254.500000 1.733e-14 
3255.500000 1.731e-14 
3256.500000 1.73e-14 
3257.500000 1.728e-14 
3258.500000 1.727e-14 
3259.500000 1.725e-14 
3260.500000 1.724e-14 
3261.500000 1.723e-14 
3262.500000 1.721e-14 
3263.500000 1.72e-14 
3264.500000 1.718e-14 
3265.500000 1.717e-14 
3266.500000 1.716e-14 
3267.500000 1.714e-14 
3268.500000 1.713e-14 
3269.500000 1.711e-14 
3270.500000 1.71e-14 
3271.500000 1.708e-14 
3272.500000 1.707e-14 
3273.500000 1.706e-14 
3274.500000 1.704e-14 
3275.500000 1.703e-14 
3276.500000 1.701e-14 
3277.500000 1.7e-14 
3278.500000 1.699e-14 
3279.500000 1.697e-14 
3280.500000 1.696e-14 
3281.500000 1.694e-14 
3282.500000 1.693e-14 
3283.500000 1.692e-14 
3284.500000 1.69e-14 
3285.500000 1.689e-14 
3286.500000 1.688e-14 
3287.500000 1.686e-14 
3288.500000 1.685e-14 
3289.500000 1.683e-14 
3290.500000 1.682e-14 
3291.500000 1.681e-14 
3292.500000 1.679e-14 
3293.500000 1.678e-14 
3294.500000 1.677e-14 
3295.500000 1.675e-14 
3296.500000 1.674e-14 
3297.500000 1.672e-14 
3298.500000 1.671e-14 
3299.500000 1.67e-14 
3300.500000 1.668e-14 
3301.500000 1.667e-14 
3302.500000 1.666e-14 
3303.500000 1.664e-14 
3304.500000 1.663e-14 
3305.500000 1.662e-14 
3306.500000 1.66e-14 
3307.500000 1.659e-14 
3308.500000 1.658e-14 
3309.500000 1.656e-14 
3310.500000 1.655e-14 
3311.500000 1.654e-14 
3312.500000 1.652e-14 
3313.500000 1.651e-14 
3314.500000 1.65e-14 
3315.500000 1.648e-14 
3316.500000 1.647e-14 
3317.500000 1.646e-14 
3318.500000 1.644e-14 
3319.500000 1.643e-14 
3320.500000 1.642e-14 
3321.500000 1.64e-14 
3322.500000 1.639e-14 
3323.500000 1.638e-14 
3324.500000 1.636e-14 
3325.500000 1.635e-14 
3326.500000 1.634e-14 
3327.500000 1.632e-14 
3328.500000 1.631e-14 
3329.500000 1.63e-14 
3330.500000 1.628e-14 
3331.500000 1.627e-14 
3332.500000 1.626e-14 
3333.500000 1.624e-14 
3334.500000 1.623e-14 
3335.500000 1.622e-14 
3336.500000 1.621e-14 
3337.500000 1.619e-14 
3338.500000 1.618e-14 
3339.500000 1.617e-14 
3340.500000 1.615e-14 
3341.500000 1.614e-14 
3342.500000 1.613e-14 
3343.500000 1.611e-14 
3344.500000 1.61e-14 
3345.500000 1.609e-14 
3346.500000 1.608e-14 
3347.500000 1.606e-14 
3348.500000 1.605e-14 
3349.500000 1.604e-14 
3350.500000 1.602e-14 
3351.500000 1.601e-14 
3352.500000 1.6e-14 
3353.500000 1.599e-14 
3354.500000 1.597e-14 
3355.500000 1.596e-14 
3356.500000 1.595e-14 
3357.500000 1.594e-14 
3358.500000 1.592e-14 
3359.500000 1.591e-14 
3360.500000 1.59e-14 
3361.500000 1.588e-14 
3362.500000 1.587e-14 
3363.500000 1.586e-14 
3364.500000 1.585e-14 
3365.500000 1.583e-14 
3366.500000 1.582e-14 
3367.500000 1.581e-14 
3368.500000 1.58e-14 
3369.500000 1.578e-14 
3370.500000 1.577e-14 
3371.500000 1.576e-14 
3372.500000 1.575e-14 
3373.500000 1.573e-14 
3374.500000 1.572e-14 
3375.500000 1.571e-14 
3376.500000 1.57e-14 
3377.500000 1.568e-14 
3378.500000 1.567e-14 
3379.500000 1.566e-14 
3380.500000 1.565e-14 
3381.500000 1.563e-14 
3382.500000 1.562e-14 
3383.500000 1.561e-14 
3384.500000 1.56e-14 
3385.500000 1.559e-14 
3386.500000 1.557e-14 
3387.500000 1.556e-14 
3388.500000 1.555e-14 
3389.500000 1.554e-14 
3390.500000 1.552e-14 
3391.500000 1.551e-14 
3392.500000 1.55e-14 
3393.500000 1.549e-14 
3394.500000 1.547e-14 
3395.500000 1.546e-14 
3396.500000 1.545e-14 
3397.500000 1.544e-14 
3398.500000 1.543e-14 
3399.500000 1.541e-14 
3400.500000 1.54e-14 
3401.500000 1.539e-14 
3402.500000 1.538e-14 
3403.500000 1.537e-14 
3404.500000 1.535e-14 
3405.500000 1.534e-14 
3406.500000 1.533e-14 
3407.500000 1.532e-14 
3408.500000 1.531e-14 
3409.500000 1.529e-14 
3410.500000 1.528e-14 
3411.500000 1.527e-14 
3412.500000 1.526e-14 
3413.500000 1.525e-14 
3414.500000 1.523e-14 
3415.500000 1.522e-14 
3416.500000 1.521e-14 
3417.500000 1.52e-14 
3418.500000 1.519e-14 
3419.500000 1.518e-14 
3420.500000 1.516e-14 
3421.500000 1.515e-14 
3422.500000 1.514e-14 
3423.500000 1.513e-14 
3424.500000 1.512e-14 
3425.500000 1.51e-14 
3426.500000 1.509e-14 
3427.500000 1.508e-14 
3428.500000 1.507e-14 
3429.500000 1.506e-14 
3430.500000 1.505e-14 
3431.500000 1.503e-14 
3432.500000 1.502e-14 
3433.500000 1.501e-14 
3434.500000 1.5e-14 
3435.500000 1.499e-14 
3436.500000 1.498e-14 
3437.500000 1.496e-14 
3438.500000 1.495e-14 
3439.500000 1.494e-14 
3440.500000 1.493e-14 
3441.500000 1.492e-14 
3442.500000 1.491e-14 
3443.500000 1.49e-14 
3444.500000 1.488e-14 
3445.500000 1.487e-14 
3446.500000 1.486e-14 
3447.500000 1.485e-14 
3448.500000 1.484e-14 
3449.500000 1.483e-14 
3450.500000 1.481e-14 
3451.500000 1.48e-14 
3452.500000 1.479e-14 
3453.500000 1.478e-14 
3454.500000 1.477e-14 
3455.500000 1.476e-14 
3456.500000 1.475e-14 
3457.500000 1.474e-14 
3458.500000 1.472e-14 
3459.500000 1.471e-14 
3460.500000 1.47e-14 
3461.500000 1.469e-14 
3462.500000 1.468e-14 
3463.500000 1.467e-14 
3464.500000 1.466e-14 
3465.500000 1.465e-14 
3466.500000 1.463e-14 
3467.500000 1.462e-14 
3468.500000 1.461e-14 
3469.500000 1.46e-14 
3470.500000 1.459e-14 
3471.500000 1.458e-14 
3472.500000 1.457e-14 
3473.500000 1.456e-14 
3474.500000 1.454e-14 
3475.500000 1.453e-14 
3476.500000 1.452e-14 
3477.500000 1.451e-14 
3478.500000 1.45e-14 
3479.500000 1.449e-14 
3480.500000 1.448e-14 
3481.500000 1.447e-14 
3482.500000 1.446e-14 
3483.500000 1.444e-14 
3484.500000 1.443e-14 
3485.500000 1.442e-14 
3486.500000 1.441e-14 
3487.500000 1.44e-14 
3488.500000 1.439e-14 
3489.500000 1.438e-14 
3490.500000 1.437e-14 
3491.500000 1.436e-14 
3492.500000 1.435e-14 
3493.500000 1.434e-14 
3494.500000 1.432e-14 
3495.500000 1.431e-14 
3496.500000 1.43e-14 
3497.500000 1.429e-14 
3498.500000 1.428e-14 
3499.500000 1.427e-14 
